1.1251925
2.7774475
3.2731525
5.28589
5.8366
7.838914
8.3971555
10.4010955
10.9317455
12.930951
13.546091
15.5527875
15.9281605
17.858465
19.0052365
20.6412075
21.201524
23.2216675
23.5708455
25.480664
26.723197
28.234786
29.068160595
30.9759225
30.9939125
32.4925695
34.029853
35.771775
36.895292
38.5223075
39.0819715
41.1024275
41.4493075
43.3573185
44.607693
46.1086915
46.96521245
48.8530775
48.8898275
50.426239
52.0276185
53.723688
54.667204
56.4928875
56.6447075
58.372277
60.048602
61.164263
62.7886475
63.3476745
65.3682225
65.715642
67.624062
68.872662
70.3760605
71.22734145
73.1198475
73.1517125
74.678545
76.265093
77.9791625
78.9473525
80.7503925
80.943446
82.72768505
84.3354875
85.4168545
87.0731475
87.554826
89.5641665
90.1631895
92.1696825
92.590667
94.548809
95.535524
97.3489075
97.557063
99.35780185
100.9362005
102.032538
103.6638525
104.1982025
106.2174475
106.6380165
108.59471
109.5892855
111.3950325
111.615863
113.4322385
114.978922
116.1006205
117.6912525
118.313998
120.3292675
120.5106525
122.24718025
123.9144135
125.011977
126.6581325
127.167986
129.1836125
129.6860065
131.6773095
132.389169
134.3796625
134.5617325
136.3031487
137.9657065
139.0579095
140.7100875
141.2061875
143.21901
143.7683915
145.7704945
146.332762
148.337204
148.8559975
150.852489
151.5053765
153.5088325
153.7972745
155.6568485
157.085228
158.342744
159.6977435
160.8275875
162.367061
163.090022
165.0704225
165.0952975
166.5922
168.1274375
169.8695555
171.0017155
172.6176225
173.201965
175.2218825
175.4999395
177.3471575
178.811278
180.022768
181.461442
182.4162185
184.2007525
184.396097
186.18585495
187.7846745
188.869721
190.5196425
191.0145455
193.0272515
193.5794225
195.581959
196.135819
198.1391585
198.682847
200.6845595
201.2592015
203.2648825
203.748141
205.7340065
206.504471
208.4728325
208.5880025
210.2386845
211.938457
213.258136
214.5996965
215.7758475
217.24038
218.13014845
219.9848125
220.0611775
221.671088
223.352569
224.824097
225.942163
227.522836
228.1617045
230.1735425
230.3200875
232.009488
233.7067055
234.90224
236.4226505
237.2158253
239.1539475
239.1553425
240.616818
242.0765555
243.781411
245.2548485
246.38232
247.9498865
248.618503
250.6217775
250.7148425
252.324659
254.007392
255.473558
256.599287
258.167874
258.8335995
260.8378275
260.9354975
262.552495
264.239705
265.679539
266.8429215
268.3500625
269.15199555
271.0832575
271.0848525
272.548109
274.0117685
275.7205855
277.1764015
278.328529
279.856176
280.613349
282.5748275
282.5793825
284.0421325
285.50526
287.2135175
288.671872
289.820412
291.353953
292.0980725
294.0672225
294.0779525
295.5508245
297.036641
298.763776
300.117443
301.4191655
302.6768635
303.995256
305.192281
306.6174415
307.591904
309.3522425
309.593972
311.439268
312.916949
314.1133735
315.578886
316.475948
318.3236825
318.4107725
320.0391705
321.7311215
323.1354235
324.3507535
325.7679305
326.7651455
328.4972275
328.796475
330.69969
331.9868155
333.4388635
334.401758
336.1788075
336.3901255
338.1997645
339.7612735
340.870415
342.4812675
343.059876
345.0803125
345.370437
347.2293575
348.6590885
349.9147275
351.273197
352.3959605
353.946805
354.644296
356.6365525
356.6877325
358.229416
359.84011275
361.5223865
362.4573855
364.2898875
364.4287825
366.1373565
367.826508
368.979686
370.556675
371.22278
373.2269125
373.3268975
374.9475985
376.6368725
378.0631315
379.246274
380.719893
381.5953999
383.4642025
383.5213925
385.0968525
386.7482995
388.3389055
389.3122965
391.0949225
391.310839
393.124942
394.6770175
395.7940675
397.3922175
397.998519
400.0164475
400.235679
402.01904365
403.6249335
404.7050085
406.3626275
406.841193
408.8496655
409.459812
411.4663125
411.8584545
413.799757
414.8879285
416.5939875
417.005094
418.985129
419.85757375
421.7669025
421.8619025
423.4918255
425.184885
426.5811915
427.8084265
429.2041935
430.246666
431.9178375
432.347015
434.3379615
435.127571
437.0869675
437.1908925
438.825841
440.521256
441.8972855
443.1547495
444.4948435
445.6521075
447.1461505
447.970231015
449.8841525
449.8943875
451.377426
452.8837565
454.621672
455.8796595
457.3224
458.2895835
460.0605925
460.282809
462.105621
463.6387915
464.7735785
466.3430415
467.012297
469.0153675
469.1081475
470.7175465
472.399999
473.867698
474.9912685
476.563279
477.221398
479.2280125
479.3385675
480.9753575
482.671722
484.039184
485.309478
486.625404
487.8310395
489.241401
490.247656
491.9676225
492.2918715
494.2165835
495.41173
496.9871975
497.6806015
499.6748675
499.7381325
501.3002865
502.93812755
504.5660345
505.5106345
507.3278525
507.4852825
509.2217805
510.890408
511.9926775
513.6330225
514.1558665
516.1735675
516.632902
518.608524
519.46696625
521.3855725
521.4753925
523.095428
524.783671
526.215754
527.3903195
528.878583
529.72204015
531.6199825
531.6439075
533.155358
534.7160095
536.450381
537.4883465
539.2183075
539.5553305
541.488456
542.6425815
544.2702925
544.849071
546.8690175
547.1661085
549.031673
550.4405985
551.723914
553.030256
554.257363
555.629339
556.7165335
558.3220125
558.8966865
560.9174875
561.2152215
563.0812755
564.488595
565.774064
567.076291
568.311447
569.6686655
570.7863995
572.344498
573.02546
575.0243325
575.0973275
576.6750455
578.3304245
579.9094275
580.894204
582.6627775
582.9045815
584.7488505
586.229041
587.422392
588.8932495
589.778726
591.6380325
591.7083225
593.307444
594.9809795
596.4911895
597.556754
599.2166075
599.6812125
601.6856445
602.3444895
604.3469075
604.626588
606.477795
607.9311395
609.1563135
610.5705485
611.5773415
613.2972025
613.6220485
615.5472265
616.7402125
618.318485
619.005714
621.0024175
621.0739625
622.6496625
624.302901
625.888594
626.8667715
628.6435325
628.8701395
630.6970005
632.2206665
633.3650385
634.9187835
635.6226365
637.6122175
637.6576625
639.189787
640.78620265
642.4889735
643.439648
645.2590175
645.4222575
647.1661549
648.8274995
649.920609
651.5714075
652.0704315
654.083908
654.6231275
656.623447
657.216916
659.2236625
659.6548705
661.61834
662.56924305
664.4156625
664.5735725
666.306072
667.9781305
669.085433
670.7199025
671.2561075
673.2753625
673.6919545
675.6464595
676.6550075
678.4469225
678.6916415
680.535815
682.0155645
683.2093035
684.6794575
685.5664519
687.4242625
687.4966575
689.0995115
690.7759485
692.272864
693.356064
694.9900625
695.5110545
697.5288375
697.990793
699.9675135
700.81694905
702.7415275
702.8297875
704.4462595
706.132506
707.577416
708.733394
710.2528625
711.02756535
712.9779175
712.9779175
714.434244
715.882283
717.574105
719.0984575
720.1587035
721.8279025
722.2731845
724.270546
725.00162
726.9859075
727.1444575
728.85534
730.5427365
731.686002
733.2759945
733.9128405
735.9250925
736.0788825
737.778461
739.471749
740.640499
742.1971525
742.909134
744.8951375
744.9337025
746.4542935
748.032144
749.754592
750.7431145
752.5260225
752.756989
754.587758
756.101941
757.256308
758.7934935
759.5338055
761.5051575
761.5186025
762.99612
764.4919725
766.225134
767.531909
768.9032525
770.0211355
771.581877
772.25792
774.2586025
774.3389575
775.928574
777.595479
779.1340585
780.1639615
781.8737875
782.23223
784.182142
785.249402
786.9799075
787.341795
789.291881
790.3563035
792.0899025
792.4455585
794.3912515
795.4798045
797.1861875
797.59717
799.57712
800.450163
802.3590725
802.4542925
804.084645
805.7778875
807.1726485
808.402178
809.7937825
810.8449875
812.5038075
812.960076
814.961961
815.649224
817.6462025
817.871443
819.66502145
821.2534015
822.3419895
823.9853925
824.49376
826.5092895
827.015047
829.007334
829.708119
831.7017725
831.9009025
833.66356095
835.3009375
836.3779495
838.0450075
838.505908
840.5087185
841.183951
843.1835075
843.4306695
845.2485465
846.7873745
847.91501
849.4957465
850.140093
852.1505525
852.2873025
853.962804
855.663203
856.8994165
858.36289
859.281846
861.1075375
861.2304825
862.9173285
864.6152705
865.8246885
867.3257295
868.1619215
870.0667075
870.0858025
871.587078
873.129267
874.8703935
875.974522
877.6260025
878.1315835
880.1462225
880.6647315
882.6604805
883.319537
885.3220875
885.5975625
887.4445795
888.909852
890.120015
891.561064
892.5107575
894.3012225
894.485463
896.26074365
897.882759
898.961102
900.6237825
901.092773
903.0983125
903.7434875
905.7477225
906.056576
907.934903
909.301738
910.642481
911.836459
913.272121
914.225184
916.0112625
916.203304
917.98882975
919.5947705
920.676928
922.3318675
922.8163525
924.8264565
925.4154445
927.4216225
927.8695655
929.841156
930.733202035
932.6278475
932.7316325
934.377849
936.0763325
937.414621
938.728395
939.96009
941.3263095
942.425981
944.0124175
944.6297985
946.6461275
946.8368475
948.58529285
950.2400215
951.3247465
952.9850575
953.462479
955.4704875
956.0858245
958.0922125
958.471254
960.4040685
961.5379455
963.1897875
963.7157255
965.7332425
966.188653
968.162599
969.03451205
970.9438275
971.0377025
972.665851
974.3581195
975.76089
976.97854
978.391575
979.3975905
981.1182425
981.441286
983.3650005
984.564718
986.1342335
986.840744
988.8294325
988.8768525
990.4126325
992.0145968
993.7099895
994.653066
996.4791075
996.6302475
998.3568375
1000.033945
1001.1512575
1002.7736275
1003.337211
1005.3578125
1005.6920435
1007.5899875
1008.882332
1010.325968
1011.306469
1013.0621725
1013.3152025
1015.1726915
1016.616239
1017.8553935
1019.2445665
1020.304046
1021.9512475
1022.4332785
1024.4432555
1025.036623
1027.0429625
1027.4791355
1029.4451255
1030.37840675
1032.2400725
1032.3779475
1034.080262
1035.772535
1036.93958
1038.4983455
1039.2055125
1041.1937225
1041.2373775
1042.766601
1044.3584747
1046.066753
1047.024976
1048.8374375
1049.0132025
1050.77445165
1052.4157235
1053.495734
1055.1596625
1055.6278065
1057.633019
1058.2817225
1060.2855425
1060.5866605
1062.4580555
1063.848591
1065.156874
1066.41505
1067.7344995
1068.9297585
1070.3580735
1071.325758
1073.0943625
1073.3198365
1075.1465845
1076.6707175
1077.8146615
1079.369122
1080.0714035
1082.0616775
1082.1089175
1083.644076
1085.24512795
1086.9417855
1087.885988
1089.7110625
1089.8639625
1091.593105
1093.268151
1094.3812375
1096.0087425
1096.560706
1098.5810325
1098.9493215
1100.873206
1102.05084
1103.647855
1104.293363
1106.3034375
1106.4441825
1108.125539
1109.8249005
1111.0434725
1112.53189
1113.3960684
1115.2762875
1115.3204875
1116.871467
1118.4934761
1120.1555275
1121.0875815
1122.9208375
1123.0558725
1124.7588585
1126.450864
1127.6172
1129.1768775
1129.88198
1131.8711175
1131.9170525
1133.4501315
1135.04800615
1136.7489065
1137.697405
1139.5187175
1139.6784425
1141.4173616
1143.0836685
1144.1826425
1145.8268125
1146.3409665
1148.3573475
1148.845295
1150.8319585
1151.5921915
1153.5650575
1153.6889825
1155.3520655
1157.053096
1158.3304525
1159.7344755
1160.781314
1162.4480425
1162.8878055
1164.883294
1165.632754
1167.6101875
1167.7473025
1169.4290165
1171.128274
1172.3470305
1173.835159
1174.69996575
1176.5796025
1176.6244875
1178.176772
1179.8005133
1181.459175
1182.3916345
1184.2241475
1184.3599375
1186.064118
1187.7555495
1188.9190185
1190.4824935
1191.179049
1193.1718775
1193.2278925
1194.7778725
1196.40012515
1198.0619505
1198.9941665
1200.8272425
1200.9625375
1202.665923
1204.3577385
1205.523109
1207.084067
1207.786288
1209.7766925
1209.8259175
1211.364529
1212.97073245
1214.659994
1215.59854
1217.4283375
1217.5725225
1219.2889275
1220.9733815
1222.109714
1223.7083825
1224.3255535
1226.3417425
1226.5377825
1228.29302075
1229.939705
1231.019589
1232.6846275
1233.150874
1235.155455
1235.8112285
1237.8141025
1238.100125
1239.9574505
1241.392696
1242.6412085
1244.0128955
1245.1085505
1246.7018475
1247.3041025
1249.3226875
1249.5489355
1251.34045015
1252.9321855
1254.0187125
1255.6654225
1256.1667635
1258.1808995
1258.7106755
1260.709061
1261.33217
1263.3385225
1263.694267
1265.610637
1266.824759
1268.374328
1269.1243185
1271.0907225
1271.1025975
1272.5781725
1274.0697765
1275.8005685
1277.1271525
