0 0 
0.935419 0.621203 
-1.20097 1.09393 
0.61866 0.494916 
-1.31188 0.89713 
1.03398 0.464985 
-1.32175 0.68477 
1.26007 0.583276 
-1.23874 0.93396 
1.00527 0.486542 
-1.31089 0.759902 
1.23251 0.43136 
-1.32317 0.513247 
-0.113402 0.190731 
0.760535 0.606733 
-1.20297 1.12978 
0.499369 0.441209 
-1.36554 0.670664 
1.26714 0.507362 
-1.29241 0.743803 
1.25424 0.474385 
-1.30986 0.645704 
1.16426 0.779417 
-1.03588 1.26493 
-0.345784 -0.183928 
-0.263961 1.10665 
-1.31596 1.08949 
0.599481 0.479407 
-1.32562 0.850846 
1.09869 0.433326 
-1.3307 0.556728 
0.618135 0.764218 
-1.0339 1.36481 
-0.861807 -0.449811 
-0.480008 0.788461 
-0.136481 0.0031811 
1.18132 0.659137 
-1.17692 1.08348 
0.644914 0.505683 
-1.3001 0.929032 
0.985586 0.487204 
-1.30974 0.773789 
1.21787 0.420605 
-1.32539 0.479836 
-0.557021 -0.127135 
-0.245177 0.968661 
-1.41446 0.587744 
1.26696 0.578584 
-1.24123 0.92553 
1.02025 0.479896 
-1.31479 0.733251 
1.2538 0.465522 
-1.31311 0.619723 
1.04753 0.854706 
-0.938902 1.35773 
-1.06522 -0.429715 
-0.489149 0.918053 
-0.780446 -0.406014 
-0.453424 0.758985 
-0.122413 0.0157798 
1.17403 0.590968 
-1.24326 0.944004 
0.984694 0.494222 
-1.30581 0.792186 
1.19769 0.414286 
-1.32717 0.462197 
-0.743444 -0.200371 
-0.343476 0.841494 
-1.0799 -0.389382 
-0.480927 0.931696 
-0.883686 -0.426817 
-0.471949 0.80346 
-0.26293 -0.0979431 
-0.830482 1.17595 
-0.551708 -0.315147 
-0.318374 0.795725 
-1.00326 -0.413325 
-0.474869 0.877302 
-0.646096 -0.351794 
-0.387835 0.752339 
-0.45232 -0.233778 
-0.226608 0.941557 
-1.41565 0.542393 
1.20852 0.730667 
-1.09109 1.2003 
0.102336 0.172509 
-0.131242 0.0325635 
1.16764 0.581031 
-1.25188 0.922166 
1.02273 0.477533 
-1.31599 0.725462 
1.25814 0.479366 
-1.3074 0.661411 
1.2082 0.721556 
-1.10227 1.18705 
0.182033 0.234629 
-0.755797 -0.365356 
-0.429016 0.762981 
-0.279996 -0.109509 
-0.663285 1.20587 
-1.26463 -0.242396 
-0.592641 1.07496 
-1.03957 -0.419232 
-0.481394 0.901091 
-0.734405 -0.390234 
-0.437057 0.748317 
-0.155129 -0.0102821 
1.0795 0.805028 
-1.00505 1.30578 
-0.643679 -0.372933 
-0.399545 0.741017 
-0.325594 -0.143231 
-0.37127 1.16567 
-1.36881 0.938105 
0.909322 0.503717 
-1.29592 0.85916 
1.10707 0.433961 
-1.33025 0.553932 
0.57832 0.740652 
-1.07026 1.33934 
-0.653632 -0.380672 
-0.407975 0.737613 
-0.259617 -0.0927602 
-0.885884 1.15422 
-0.21727 -0.0784735 
-1.24363 0.572143 
-0.241924 0.0849686 
1.07534 0.810624 
-0.997733 1.3122 
-0.69677 -0.397409 
-0.431483 0.736518 
-0.122175 0.0168729 
1.17273 0.589019 
-1.24499 0.939749 
0.992316 0.491058 
-1.30794 0.779501 
1.21221 0.418201 
-1.32595 0.472676 
-0.63887 -0.165896 
-0.286061 0.886471 
-1.34538 -0.0314447 
-0.83585 1.09938 
-0.110967 0.00960316 
1.16628 0.583646 
-1.24978 0.928411 
1.01201 0.482407 
-1.31327 0.744972 
1.24543 0.447797 
-1.31903 0.564937 
0.576849 0.739548 
-1.07193 1.338 
-0.643196 -0.375573 
-0.400943 0.739642 
-0.310239 -0.131636 
-0.44624 1.18716 
-1.41248 0.715446 
1.19317 0.394638 
-1.32709 0.403489 
-1.16144 0.0126148 
-0.488077 1.07468 
-1.3322 -0.093266 
-0.762012 1.10875 
-0.475982 -0.26475 
-0.247384 0.888172 
-1.39272 0.168193 
-1.20907 0.639405 
0.613184 0.759361 
-1.04068 1.35993 
-0.823211 -0.442287 
-0.47457 0.769906 
-0.0657251 0.06155 
0.968176 0.609665 
-1.21574 1.05798 
0.72634 0.523405 
-1.27881 0.96975 
0.918936 0.511383 
-1.2914 0.872275 
1.08891 0.442421 
-1.32892 0.588402 
0.922403 0.870511 
-0.906261 1.39755 
-1.26944 -0.255182 
-0.600547 1.07589 
-1.01343 -0.426501 
-0.480179 0.882812 
-0.647252 -0.352585 
-0.388775 0.751903 
-0.444761 -0.228684 
-0.223095 0.954174 
-1.41137 0.619693 
1.27083 0.501652 
-1.29493 0.729659 
1.26061 0.50318 
-1.29575 0.729636 
1.26052 0.501906 
-1.29644 0.726066 
1.26151 0.510049 
-1.29181 0.748906 
1.25095 0.465241 
-1.31352 0.618034 
1.03892 0.857479 
-0.934726 1.36173 
-1.0911 -0.418752 
-0.492213 0.937122 
-0.857351 -0.423895 
-0.469239 0.789988 
-0.204022 -0.0511205 
-0.955909 -0.211419 
-0.402342 0.892592 
-1.049 -0.405447 
-0.478817 0.908754 
-0.784924 -0.406866 
-0.454478 0.760509 
-0.124881 0.0137142 
1.1782 0.598641 
-1.23635 0.960715 
0.953616 0.505977 
-1.297 0.839824 
1.13623 0.422929 
-1.33058 0.507124 
-0.0820093 0.217211 
0.54519 0.528187 
-1.302 0.951663 
0.941554 0.502465 
-1.29852 0.838224 
1.13766 0.422252 
-1.33058 0.504485 
-0.121694 0.183915 
0.810227 0.613479 
-1.19765 1.12809 
0.503773 0.443847 
-1.36364 0.683505 
1.26353 0.481584 
-1.30575 0.66982 
1.225 0.690558 
-1.13591 1.13959 
0.42356 0.402115 
-1.38287 0.432561 
-0.13619 0.172686 
0.889052 0.614343 
-1.20282 1.10107 
0.596237 0.486221 
-1.32173 0.867561 
1.07544 0.444387 
-1.32873 0.601918 
1.02162 0.862683 
-0.926611 1.36942 
-1.13894 -0.391511 
-0.502436 0.973538 
-0.975399 -0.427717 
-0.477181 0.857872 
-0.531264 -0.288369 
-0.29065 0.828358 
-1.20884 -0.286175 
-0.528676 1.03434 
-1.11471 -0.382325 
-0.489949 0.95699 
-0.956794 -0.428784 
-0.476352 0.84605 
-0.471955 -0.250544 
-0.23982 0.906379 
-1.40949 0.299788 
-0.942348 -0.196367 
-0.394628 0.891647 
-1.0746 -0.394883 
-0.481149 0.927472 
-0.863185 -0.424259 
-0.469762 0.792938 
-0.217287 -0.0617585 
-1.23868 0.218677 
-0.779372 1.13079 
-0.5203 -0.293917 
-0.287366 0.829356 
-1.22064 -0.271884 
-0.53862 1.04412 
-1.11573 -0.382331 
-0.490334 0.957714 
-0.958281 -0.4287 
-0.476412 0.846983 
-0.476699 -0.253677 
-0.243336 0.899177 
-1.40378 0.244996 
-1.1951 0.10802 
-0.575063 1.1178 
-1.24165 -0.268008 
-0.562376 1.05808 
-1.08423 -0.400437 
-0.485175 0.933723 
-0.873753 -0.425886 
-0.471044 0.798245 
-0.239313 -0.0793184 
-1.12171 0.93889 
0.993297 0.504345 
-1.30034 0.812414 
1.17399 0.41427 
-1.32885 0.467271 
-0.6618 -0.17498 
-0.29971 0.871101 
-1.29188 -0.161989 
-0.644936 1.09851 
-0.936093 -0.437352 
-0.478306 0.832447 
-0.387082 -0.191839 
-0.228235 1.05395 
-1.33772 1.01953 
0.767435 0.518262 
-1.28155 0.950258 
0.956427 0.500014 
-1.30088 0.823573 
1.15775 0.416588 
-1.32983 0.479489 
-0.492373 -0.0905404 
-0.253051 1.05919 
-1.3582 0.953748 
0.890269 0.509179 
-1.29125 0.882062 
1.07297 0.449671 
-1.32723 0.618317 
1.10852 0.826219 
-0.977812 1.32142 
-0.798659 -0.433047 
-0.468283 0.760274 
-0.04814 0.0763214 
0.879526 0.621761 
-1.19459 1.11801 
0.537881 0.461103 
-1.34851 0.76563 
1.19906 0.407056 
-1.32718 0.44011 
-0.953503 -0.195272 
-0.396801 0.897051 
-1.08642 -0.38952 
-0.482723 0.93626 
-0.896427 -0.428052 
-0.473057 0.810319 
-0.294491 -0.12249 
-0.536393 1.20223 
-1.4251 0.342476 
-0.269512 0.0662746 
0.28382 0.516257 
-1.38869 0.562141 
1.15547 0.792964 
-1.0192 1.28114 
-0.475427 -0.274818 
-0.251463 0.878172 
-1.37906 0.0972312 
-1.0847 0.927972 
1.00043 0.505534 
-1.30002 0.811138 
1.17598 0.414173 
-1.32872 0.466424 
-0.67375 -0.179415 
-0.306736 0.864362 
-1.26063 -0.217573 
-0.58613 1.07623 
-1.06848 -0.408607 
-0.483667 0.921969 
-0.825564 -0.417476 
-0.464016 0.775605 
-0.154316 -0.0107181 
1.08241 0.803038 
-1.00809 1.30288 
-0.620083 -0.360909 
-0.382288 0.74805 
-0.460143 -0.238813 
-0.230841 0.929072 
-1.41692 0.460059 
0.805912 0.850555 
-0.92051 1.40986 
-1.27717 -0.244455 
-0.612799 1.08123 
-0.988399 -0.431739 
-0.479497 0.865868 
-0.561668 -0.306614 
-0.318815 0.798751 
-1.01339 -0.411098 
-0.475287 0.884194 
-0.679486 -0.367461 
-0.409357 0.746343 
-0.299439 -0.123718 
-0.511883 1.19918 
-1.42866 0.453673 
0.911096 0.87258 
-0.902322 1.40158 
-1.28694 -0.227028 
-0.629999 1.088 
-0.949447 -0.436267 
-0.478561 0.840733 
-0.431015 -0.222907 
-0.218801 0.973831 
-1.40004 0.729711 
1.19102 0.396862 
-1.32741 0.410654 
-1.13142 -0.0429419 
-0.451592 1.04102 
-1.33443 -0.0832731 
-0.772872 1.1083 
-0.425353 -0.230797 
-0.217785 0.970602 
-1.4013 0.71946 
1.20163 0.397717 
-1.32666 0.411465 
-1.13242 -0.0414109 
-0.452498 1.04206 
-1.33477 -0.0825131 
-0.774203 1.10819 
-0.418868 -0.226315 
-0.216334 0.98213 
-1.39318 0.776843 
1.13881 0.407212 
-1.33156 0.459389 
-0.714165 -0.192566 
-0.329093 0.847892 
-1.15138 -0.344092 
-0.497372 0.987098 
-1.05084 -0.410239 
-0.480585 0.909596 
-0.780497 -0.405642 
-0.453254 0.759101 
-0.123976 0.0145062 
1.17675 0.595589 
-1.23911 0.954071 
0.966197 0.501453 
-1.30054 0.821353 
1.16118 0.41597 
-1.32964 0.476426 
-0.535761 -0.115577 
-0.241132 0.996533 
-1.40018 0.736944 
1.18209 0.396899 
-1.32811 0.41281 
-1.11734 -0.0644109 
-0.440325 1.02633 
-1.3272 -0.100153 
-0.745091 1.10956 
-0.555953 -0.31417 
-0.320197 0.794845 
-0.992316 -0.415513 
-0.474501 0.869954 
-0.60964 -0.333152 
-0.36029 0.766457 
-0.674673 -0.360287 
-0.4036 0.749234 
-0.347492 -0.159808 
-0.296416 1.12927 
-1.32691 1.06488 
0.660842 0.499241 
-1.30283 0.915318 
1.00858 0.477409 
-1.31562 0.734009 
1.25296 0.463006 
-1.31403 0.612073 
1.00129 0.866284 
-0.920193 1.37658 
-1.17817 -0.361386 
-0.517639 1.00435 
-1.0414 -0.414505 
-0.480242 0.90274 
-0.748347 -0.395193 
-0.442552 0.750837 
-0.13832 0.00320454 
1.17978 0.666329 
-1.16941 1.09675 
0.599518 0.4898 
-1.31871 0.878093 
1.06071 0.451668 
-1.32673 0.631387 
1.16333 0.781373 
-1.03345 1.26729 
-0.364455 -0.197647 
-0.234933 1.07192 
-1.32425 1.06117 
0.673225 0.50287 
-1.29876 0.924936 
0.993936 0.484028 
-1.31178 0.760452 
1.23143 0.430125 
-1.32343 0.50938 
-0.167977 0.14554 
1.04328 0.580463 
-1.24893 0.963427 
0.944385 0.507504 
-1.29547 0.848833 
1.12346 0.427572 
-1.33065 0.526824 
0.213558 0.468756 
-1.37135 0.173049 
-1.14935 0.820823 
1.20546 0.442522 
-1.32337 0.546045 
0.380468 0.602858 
-1.29824 1.00577 
0.830095 0.522979 
-1.27861 0.940747 
0.976241 0.493332 
-1.30588 0.795061 
1.1939 0.413688 
-1.32747 0.46097 
-0.752951 -0.202512 
-0.347736 0.840373 
-1.05992 -0.398208 
-0.478798 0.916952 
-0.824582 -0.417035 
-0.463731 0.775238 
-0.153882 -0.0103526 
1.08751 0.799462 
-1.01281 1.29816 
-0.582865 -0.340741 
-0.35155 0.766476 
-0.719697 -0.37886 
-0.427525 0.748635 
-0.210026 -0.0542417 
-1.11342 -0.0965951 
-0.438314 1.01382 
-1.30581 -0.148238 
-0.677302 1.10423 
-0.828029 -0.426902 
-0.468321 0.774952 
-0.127093 0.0113372 
1.1814 0.607899 
-1.22782 0.980698 
0.913834 0.517999 
-1.2865 0.890541 
1.06162 0.455536 
-1.32544 0.641601 
1.1938 0.744736 
-1.07611 1.21972 
-0.0197822 0.0741616 
0.794618 0.619108 
-1.1913 1.14246 
0.449561 0.414347 
-1.38046 0.518115 
0.826687 0.855594 
-0.915676 1.40894 
-1.28304 -0.234627 
-0.62288 1.08529 
-0.96607 -0.434845 
-0.478985 0.851266 
-0.485961 -0.259843 
-0.250609 0.885505 
-1.38748 0.138412 
-1.16401 0.784637 
1.24492 0.487442 
-1.30555 0.680555 
1.24335 0.645932 
-1.18159 1.06241 
0.709521 0.522785 
-1.2803 0.970259 
0.917127 0.511678 
-1.29108 0.873942 
1.0864 0.443586 
-1.32868 0.593168 
0.958627 0.870978 
-0.909774 1.38965 
-1.24065 -0.295136 
-0.564007 1.05403 
-1.06279 -0.409639 
-0.482735 0.917909 
-0.810502 -0.413921 
-0.460924 0.769522 
-0.138254 0.00250901 
1.17919 0.668578 
-1.16701 1.10083 
0.584909 0.484016 
-1.32531 0.857102 
1.08919 0.43759 
-1.33009 0.574425 
0.805696 0.848355 
-0.923291 1.40833 
-1.26824 -0.258363 
-0.598765 1.07471 
-1.01538 -0.42597 
-0.480231 0.884162 
-0.653986 -0.355847 
-0.393382 0.750242 
-0.410154 -0.204851 
-0.21839 1.01521 
-1.36794 0.907119 
0.96688 0.485994 
-1.30954 0.782188 
1.20791 0.416265 
-1.32631 0.467101 
-0.699916 -0.188337 
-0.321665 0.852312 
-1.18803 -0.310862 
-0.514748 1.01689 
-1.09991 -0.389793 
-0.486823 0.945768 
-0.921044 -0.42945 
-0.474756 0.82434 
-0.362143 -0.173528 
-0.259962 1.10019 
-1.31922 1.07994 
0.624846 0.488448 
-1.3154 0.882339 
1.05622 0.454214 
-1.32591 0.641259 
1.194 0.744494 
-1.07638 1.21939 
-0.0176034 0.075933 
0.781947 0.617308 
-1.1927 1.14286 
0.448625 0.41372 
-1.38063 0.514523 
0.79701 0.846803 
-0.924694 1.40905 
-1.26771 -0.259259 
-0.59799 1.07433 
-1.01679 -0.425606 
-0.480278 0.885135 
-0.658781 -0.358136 
-0.396573 0.749218 
-0.386783 -0.188305 
-0.230501 1.05818 
-1.33536 1.02723 
0.751003 0.516861 
-1.28298 0.950804 
0.954601 0.50046 
-1.3005 0.825745 
1.15484 0.417272 
-1.32997 0.482608 
-0.447921 -0.0628611 
-0.315382 1.12676 
-1.35152 0.991009 
0.819406 0.518174 
-1.28192 0.933975 
0.987223 0.488735 
-1.30898 0.776699 
1.21491 0.419231 
-1.32569 0.475708 
-0.605144 -0.151034 
-0.266541 0.915246 
-1.40008 0.209822 
-1.23457 0.358356 
-1.04949 0.988458 
0.832694 0.545052 
-1.26124 0.987949 
0.888458 0.519865 
-1.28363 0.907822 
1.03354 0.468799 
-1.32015 0.695359 
1.26366 0.551619 
-1.26381 0.85888 
1.1253 0.431391 
-1.32995 0.537088 
0.350353 0.579668 
-1.33214 0.903368 
1.00749 0.474179 
-1.31711 0.726174 
1.25741 0.476133 
-1.3088 0.651825 
1.18304 0.75777 
-1.06128 1.23719 
-0.139416 -0.0230239 
1.10631 0.783916 
-1.03258 1.27798 
-0.423571 -0.240041 
-0.218012 0.962001 
-1.40591 0.67912 
1.23884 0.416151 
-1.32408 0.467991 
-0.720434 -0.194502 
-0.33248 0.845873 
-1.13364 -0.357536 
-0.491578 0.972988 
-1.01714 -0.419776 
-0.478481 0.88588 
-0.671832 -0.364136 
-0.404828 0.747115 
-0.329083 -0.146079 
-0.356541 1.16002 
-1.35945 0.971008 
0.853964 0.514768 
-1.28558 0.912227 
1.02469 0.472524 
-1.31834 0.710918 
1.26333 0.510004 
-1.29155 0.749487 
1.25062 0.464482 
-1.3138 0.615713 
1.02521 0.861287 
-0.92875 1.3676 
-1.12736 -0.399016 
-0.499277 0.964586 
-0.950159 -0.429652 
-0.476281 0.841854 
-0.449541 -0.235515 
-0.2259 0.942224 
-1.41538 0.548995 
1.22193 0.70821 
-1.11572 1.16761 
0.286897 0.312162 
-1.23897 -0.190346 
-0.555424 1.06815 
-1.14425 -0.364564 
-0.498369 0.979829 
-1.01802 -0.419936 
-0.478638 0.886453 
-0.67398 -0.365122 
-0.406145 0.746846 
-0.320227 -0.139441 
-0.394401 1.17353 
-1.38346 0.879337 
0.996964 0.471979 
-1.31786 0.727082 
1.25664 0.473128 
-1.31006 0.64285 
1.15366 0.790045 
-1.02313 1.2781 
-0.448893 -0.257137 
-0.231142 0.919153 
-1.41588 0.408442 
0.271277 0.517893 
-1.39058 0.537379 
1.0568 0.854376 
-0.939966 1.35546 
-1.05348 -0.433855 
-0.488137 0.909566 
-0.743412 -0.393811 
-0.440843 0.749755 
-0.141915 0.000338049 
1.17135 0.692647 
-1.14086 1.14276 
0.415666 0.397 
-1.38257 0.399927 
-0.540301 -0.117103 
-0.241656 0.99141 
-1.40346 0.711333 
1.20843 0.398787 
-1.32622 0.41399 
-1.12389 -0.0548298 
-0.445216 1.03305 
-1.33102 -0.0912394 
-0.759432 1.10915 
-0.489677 -0.273614 
-0.258836 0.868749 
-1.35844 0.0146013 
-0.91724 1.07046 
0.309368 0.33821 
-1.30512 -0.0538699 
-0.705637 1.11444 
-0.756482 -0.407937 
-0.450466 0.749711 
-0.0885896 0.0436952 
1.06587 0.58252 
-1.2488 0.957766 
0.955836 0.503886 
-1.29845 0.83343 
1.14488 0.42011 
-1.33037 0.495021 
-0.26545 0.0677659 
0.43697 0.63396 
-1.24125 1.12838 
0.507889 0.443197 
-1.36307 0.685596 
1.26279 0.478298 
-1.30723 0.660073 
1.20429 0.727823 
-1.09531 1.19611 
0.129149 0.193627 
-0.356977 -0.143657 
-0.309348 1.13546 
-1.33466 1.04443 
0.70843 0.51019 
-1.29016 0.941581 
0.96828 0.494901 
-1.30456 0.803814 
1.18308 0.413217 
-1.32825 0.461725 
-0.733976 -0.198032 
-0.339024 0.843073 
-1.10157 -0.378044 
-0.484204 0.948067 
-0.942511 -0.4292 
-0.475716 0.837219 
-0.427367 -0.220262 
-0.217991 0.980409 
-1.39545 0.76244 
1.15529 0.401985 
-1.33039 0.436785 
-0.946713 -0.197484 
-0.395956 0.893183 
-1.07539 -0.394609 
-0.481263 0.928036 
-0.86528 -0.424567 
-0.470017 0.79398 
-0.22159 -0.0652013 
-1.25415 0.399154 
-1.19055 0.731184 
1.23448 0.654537 
-1.17432 1.07717 
0.66344 0.511615 
-1.29327 0.945135 
0.959656 0.497573 
-1.30253 0.815628 
1.16803 0.414572 
-1.32925 0.469962 
-0.623455 -0.159245 
-0.276918 0.898771 
-1.37469 0.0732685 
-1.03974 0.981005 
0.843186 0.545449 
-1.26141 0.984686 
0.895443 0.518524 
-1.285 0.90125 
1.0442 0.463767 
-1.32236 0.675043 
1.25282 0.617553 
-1.20848 1.00748 
0.855745 0.529605 
-1.27461 0.944981 
0.97018 0.496021 
-1.30401 0.805472 
1.18119 0.41332 
-1.32839 0.462524 
-0.723243 -0.195194 
-0.333757 0.845404 
-1.12778 -0.361641 
-0.489964 0.968377 
-1.00475 -0.422412 
-0.477946 0.877413 
-0.630733 -0.344263 
-0.376806 0.757178 
-0.538752 -0.28874 
-0.295196 0.824114 
-1.18347 -0.313402 
-0.511731 1.01339 
-1.09776 -0.390743 
-0.486407 0.944156 
-0.915668 -0.429286 
-0.474445 0.82121 
-0.346684 -0.162076 
-0.293917 1.12786 
-1.32566 1.06799 
0.653312 0.497137 
-1.30528 0.909351 
1.01746 0.473242 
-1.31785 0.717386 
1.26142 0.494596 
-1.30004 0.705971 
1.26126 0.56403 
-1.25464 0.888659 
1.08058 0.451056 
-1.32666 0.617708 
1.1029 0.829621 
-0.973538 1.32549 
-0.830017 -0.440792 
-0.47443 0.77345 
-0.0855782 0.045191 
1.05568 0.585554 
-1.24556 0.968815 
0.93443 0.510798 
-1.29271 0.862359 
1.10403 0.435681 
-1.33002 0.56056 
0.655239 0.784589 
-1.00401 1.38195 
-1.0073 -0.4489 
-0.486705 0.876998 
-0.582689 -0.318933 
-0.337842 0.782251 
-0.86122 -0.417054 
-0.466699 0.793124 
-0.235249 -0.0759246 
-1.16896 0.848177 
1.16514 0.434683 
-1.32731 0.530708 
0.217832 0.47227 
-1.37564 0.200902 
-1.19601 0.694652 
1.11607 0.815654 
-0.991648 1.31 
-0.702527 -0.399548 
-0.434224 0.736962 
-0.109396 0.0272472 
1.13976 0.57106 
-1.26049 0.90493 
1.05007 0.464197 
-1.32224 0.672575 
1.25007 0.627513 
-1.19916 1.0274 
0.80697 0.532545 
-1.27053 0.970299 
0.921814 0.511538 
-1.29147 0.87108 
1.09081 0.441569 
-1.32909 0.584874 
0.893801 0.867799 
-0.906608 1.4023 
-1.28139 -0.236541 
-0.619971 1.08428 
-0.973239 -0.434013 
-0.479154 0.855898 
-0.510057 -0.275284 
-0.271284 0.853128 
-1.31243 -0.11556 
-0.701176 1.10882 
-0.747429 -0.404586 
-0.44712 0.74766 
-0.0959307 0.0377893 
1.09414 0.575131 
-1.2563 0.929643 
1.00726 0.483637 
-1.31247 0.751118 
1.24032 0.44014 
-1.32111 0.540907 
0.273434 0.518049 
-1.3902 0.543338 
1.08473 0.842361 
-0.956621 1.34006 
-0.944458 -0.452508 
-0.484031 0.836132 
-0.375889 -0.183962 
-0.239163 1.0745 
-1.32602 1.05687 
0.683352 0.505317 
-1.29593 0.931036 
0.984545 0.488114 
-1.3092 0.776755 
1.21471 0.419094 
-1.32572 0.475298 
-0.609885 -0.153218 
-0.269173 0.910739 
-1.3945 0.173225 
-1.21705 0.599961 
-0.00161285 0.28408 
-0.148255 0.013849 
1.18009 0.66746 
-1.16815 1.09877 
0.592287 0.48698 
-1.32195 0.86801 
1.07455 0.44477 
-1.32864 0.603538 
1.03167 0.860114 
-0.930741 1.3653 
-1.11421 -0.406789 
-0.496261 0.954528 
-0.918806 -0.429866 
-0.474804 0.822976 
-0.354479 -0.167865 
-0.275215 1.11404 
-1.32028 1.0797 
0.624681 0.488309 
-1.31552 0.881944 
1.05678 0.453934 
-1.326 0.640134 
1.19085 0.74881 
-1.07146 1.22524 
-0.0567637 0.044074 
0.985244 0.606829 
-1.22022 1.0447 
0.762144 0.528094 
-1.27392 0.973432 
0.913756 0.513191 
-1.28982 0.879316 
1.07837 0.447392 
-1.32783 0.608669 
1.05883 0.851185 
-0.944104 1.35255 
-1.0311 -0.440592 
-0.486748 0.893668 
-0.669683 -0.363505 
-0.403705 0.747231 
-0.336021 -0.151247 
-0.331183 1.1488 
-1.3441 1.01894 
0.762785 0.517271 
-1.28239 0.949143 
0.958145 0.49934 
-1.30138 0.820896 
1.16128 0.415822 
-1.32964 0.475948 
-0.541946 -0.118973 
-0.24181 0.988212 
-1.40524 0.695915 
1.22311 0.404303 
-1.32537 0.430358 
-1.04061 -0.147184 
-0.409419 0.957051 
-1.23698 -0.260888 
-0.555988 1.05613 
-1.09946 -0.392513 
-0.487416 0.945198 
-0.915895 -0.429343 
-0.474475 0.821338 
-0.347199 -0.16246 
-0.292562 1.12692 
-1.32511 1.06917 
0.650517 0.496339 
-1.30621 0.907028 
1.02089 0.47161 
-1.31867 0.710873 
1.26331 0.50948 
-1.29185 0.748043 
1.25156 0.466802 
-1.31292 0.622787 
1.06537 0.847999 
-0.948605 1.34863 
-1.00304 -0.446803 
-0.485643 0.8743 
-0.573976 -0.313961 
-0.330099 0.788622 
-0.924385 -0.421557 
-0.472029 0.827269 
-0.393205 -0.195989 
-0.224035 1.04288 
-1.3455 0.993239 
0.820459 0.518741 
-1.28152 0.934869 
0.98577 0.489352 
-1.30858 0.779164 
1.21222 0.418085 
-1.32596 0.472326 
-0.64305 -0.167622 
-0.288557 0.883413 
-1.3364 -0.0576014 
-0.791401 1.10748 
-0.339794 -0.169601 
-0.291739 1.12747 
-1.32352 1.07367 
0.639213 0.492921 
-1.31016 0.896743 
1.03586 0.464346 
-1.32204 0.68185 
1.25836 0.592986 
-1.23047 0.955591 
0.965398 0.502689 
-1.29974 0.824877 
1.1566 0.417002 
-1.32988 0.481145 
-0.469368 -0.076458 
-0.276756 1.09421 
-1.34557 1.00353 
0.797306 0.518969 
-1.28095 0.943379 
0.970003 0.495351 
-1.30439 0.803904 
1.18307 0.413245 
-1.32825 0.461812 
-0.733019 -0.197788 
-0.338564 0.843256 
-1.10384 -0.376742 
-0.484622 0.949808 
-0.948325 -0.428995 
-0.475951 0.840796 
-0.44558 -0.232808 
-0.223987 0.948875 
-1.41334 0.590214 
1.26736 0.575674 
-1.24364 0.918844 
1.03172 0.474571 
-1.31758 0.711983 
1.26315 0.508692 
-1.29232 0.745817 
1.25295 0.470491 
-1.31147 0.633982 
1.11929 0.818333 
-0.988116 1.31219 
-0.723701 -0.408075 
-0.443982 0.73937 
-0.0685828 0.0604538 
0.978557 0.607207 
-1.21916 1.04851 
0.752077 0.527024 
-1.27498 0.973302 
0.913514 0.513136 
-1.28984 0.879315 
1.07836 0.447394 
-1.32782 0.608683 
1.0589 0.851155 
-0.944147 1.35251 
-1.03083 -0.440664 
-0.486734 0.893476 
-0.668764 -0.363081 
-0.403132 0.747362 
-0.339948 -0.154164 
-0.318347 1.14225 
-1.33704 1.03884 
0.720526 0.512258 
-1.28783 0.945177 
0.962774 0.497124 
-1.30296 0.812657 
1.17193 0.414045 
-1.32901 0.467198 
-0.660421 -0.174451 
-0.298891 0.871937 
-1.29536 -0.155019 
-0.653214 1.10059 
-0.911804 -0.437273 
-0.477236 0.818007 
-0.31367 -0.137334 
-0.418388 1.18068 
-1.39773 0.810059 
1.08695 0.427978 
-1.33217 0.548091 
0.529971 0.709957 
-1.11997 1.29556 
-0.327367 -0.173743 
-0.303741 1.13612 
-1.32723 1.06529 
0.659425 0.498808 
-1.30331 0.914126 
1.01038 0.476577 
-1.31609 0.730687 
1.25502 0.468591 
-1.31191 0.629096 
1.09628 0.832877 
-0.969104 1.32962 
-0.862375 -0.446898 
-0.478856 0.789143 
-0.146501 -0.0049532 
1.14732 0.737856 
-1.08907 1.21371 
0.034097 0.117559 
0.43394 0.469721 
-1.36862 0.68231 
1.26228 0.473529 
-1.3092 0.646072 
1.16368 0.779988 
-1.0352 1.26565 
-0.351301 -0.188002 
-0.253739 1.09649 
-1.31635 1.08664 
0.607595 0.482458 
-1.32223 0.861796 
1.08423 0.440274 
-1.32958 0.585 
0.899025 0.868453 
-0.906334 1.40154 
-1.27991 -0.238917 
-0.617392 1.08327 
-0.979078 -0.433225 
-0.479288 0.85971 
-0.529842 -0.287585 
-0.289382 0.829836 
-1.21644 -0.277155 
-0.534916 1.04063 
-1.1159 -0.382 
-0.490312 0.957868 
-0.959042 -0.428644 
-0.476437 0.847463 
-0.479163 -0.255298 
-0.245209 0.895509 
-1.40014 0.216687 
-1.23269 0.320924 
-0.955285 1.068 
0.417177 0.408202 
-1.38339 0.443269 
0.0145972 0.300281 
-0.311134 -0.114627 
-0.501664 1.19712 
-1.42837 0.495066 
1.12562 0.819773 
-0.986031 1.31262 
-0.731618 -0.411144 
-0.447293 0.740706 
-0.0576234 0.0693607 
0.926055 0.617338 
-1.20371 1.09094 
0.628504 0.498241 
-1.30795 0.90784 
1.01827 0.47255 
-1.31819 0.715034 
1.2622 0.499738 
-1.29732 0.720674 
1.26247 0.523425 
-1.28362 0.785433 
1.21883 0.426083 
-1.32484 0.496406 
-0.337235 0.0134889 
-1.04611 1.03553 
0.692376 0.528688 
-1.27684 0.984588 
0.888824 0.518197 
-1.28485 0.903794 
1.03989 0.465763 
-1.32151 0.683173 
1.25895 0.589673 
-1.23332 0.948274 
0.979209 0.49742 
-1.30367 0.803542 
1.18404 0.41337 
-1.32818 0.461964 
-0.732326 -0.197612 
-0.338231 0.843391 
-1.10548 -0.375785 
-0.484931 0.95107 
-0.952486 -0.428796 
-0.47611 0.843379 
-0.458766 -0.24174 
-0.23104 0.927114 
-1.41682 0.449225 
0.711961 0.814385 
-0.963534 1.40028 
-1.16605 -0.374137 
-0.512698 0.994516 
-1.02113 -0.419952 
-0.479026 0.888538 
-0.682697 -0.369052 
-0.411326 0.746008 
-0.286549 -0.113868 
-0.609026 1.20669 
-1.36764 -0.00618984 
-0.934905 1.05968 
0.403061 0.400291 
-1.38292 0.388397 
-0.656349 -0.171797 
-0.296077 0.875277 
-1.30788 -0.128531 
-0.686617 1.10688 
-0.80099 -0.420707 
-0.462931 0.763891 
-0.0967417 0.0364733 
1.09839 0.574253 
-1.25717 0.925996 
1.01365 0.480824 
-1.31412 0.739808 
1.24928 0.454885 
-1.31685 0.587018 
0.806324 0.848252 
-0.923477 1.40812 
-1.26733 -0.259728 
-0.597421 1.07409 
-1.01797 -0.4253 
-0.480321 0.885952 
-0.662787 -0.360026 
-0.399181 0.748461 
-0.36808 -0.174821 
-0.253244 1.09257 
-1.32062 1.07486 
0.63823 0.49283 
-1.31037 0.89633 
1.03642 0.464063 
-1.32216 0.68073 
1.25763 0.596738 
-1.2272 0.963778 
0.949514 0.508274 
-1.29529 0.847762 
1.12523 0.426951 
-1.33065 0.524136 
0.174027 0.43556 
-1.30207 -0.0825028 
-0.686786 1.11118 
-0.821419 -0.425837 
-0.467285 0.772034 
-0.116949 0.0196936 
1.16279 0.579491 
-1.25332 0.919408 
1.0272 0.475393 
-1.3171 0.716983 
1.26171 0.49691 
-1.29885 0.712578 
1.26254 0.544919 
-1.26899 0.841521 
1.14966 0.423191 
-1.32976 0.502185 
-0.169913 0.144048 
1.05125 0.577945 
-1.25156 0.954305 
0.961771 0.50159 
-1.30021 0.82431 
1.15712 0.416821 
-1.32985 0.480415 
-0.479551 -0.0827569 
-0.264347 1.07865 
-1.34938 0.988176 
0.827764 0.518024 
-1.28226 0.93048 
0.99353 0.486185 
-1.31063 0.766267 
1.22586 0.425619 
-1.32437 0.495275 
-0.361283 -0.00393053 
-0.782429 1.18583 
-0.795948 -0.423607 
-0.463685 0.761084 
-0.0774752 0.0523088 
1.02046 0.59601 
-1.23358 1.00677 
0.854405 0.527366 
-1.27626 0.940573 
0.977773 0.493033 
-1.30613 0.793378 
1.19594 0.413936 
-1.32731 0.461395 
-0.750381 -0.201953 
-0.346605 0.840632 
-1.06514 -0.396046 
-0.479285 0.92077 
-0.840394 -0.420316 
-0.466521 0.78213 
-0.176059 -0.0284715 
0.507182 0.682011 
-1.16021 1.24889 
-0.0334844 0.0591736 
0.880925 0.622922 
-1.19356 1.11949 
0.532483 0.458564 
-1.35096 0.754035 
1.21094 0.409708 
-1.32627 0.447051 
-0.90481 -0.207999 
-0.390347 0.871703 
-1.01475 -0.414685 
-0.476588 0.884756 
-0.675742 -0.365833 
-0.407159 0.746688 
-0.31367 -0.134504 
-0.426815 1.18274 
-1.40254 0.782578 
1.11972 0.412777 
-1.33253 0.485252 
-0.369042 -0.00933353 
-0.710917 1.19796 
-1.10784 -0.397249 
-0.491456 0.950745 
-0.922941 -0.429715 
-0.474942 0.825425 
-0.367137 -0.177193 
-0.251588 1.09104 
-1.32055 1.07477 
0.638537 0.492935 
-1.31025 0.896651 
1.03595 0.464291 
-1.32206 0.68164 
1.25823 0.593683 
-1.22986 0.957119 
0.962467 0.503759 
-1.29891 0.829235 
1.15078 0.418477 
-1.33014 0.48776 
-0.37357 -0.0125781 
-0.67199 1.2012 
-1.2304 -0.289955 
-0.551412 1.04811 
-1.0857 -0.399104 
-0.485201 0.934878 
-0.878954 -0.426508 
-0.471577 0.800941 
-0.251149 -0.0886812 
-0.973428 1.10295 
0.308728 0.334981 
-1.30016 -0.0665526 
-0.688179 1.11273 
-0.823051 -0.426277 
-0.467622 0.772714 
-0.118785 0.0181743 
1.16713 0.582954 
-1.25032 0.926684 
1.01501 0.481063 
-1.31406 0.739578 
1.24949 0.455327 
-1.3167 0.588385 
0.818773 0.851899 
-0.919756 1.40805 
-1.27367 -0.249844 
-0.607131 1.07878 
-1.00013 -0.42952 
-0.479787 0.873734 
-0.601803 -0.329172 
-0.353998 0.770481 
-0.72697 -0.381765 
-0.430886 0.749317 
-0.194959 -0.0422821 
-0.486188 -0.0976859 
-0.250576 1.05736 
-1.35763 0.955542 
0.887299 0.509825 
-1.29064 0.885069 
1.06835 0.451883 
-1.3266 0.627313 
1.14682 0.797245 
-1.0143 1.28675 
-0.518423 -0.302338 
-0.291088 0.822711 
-1.19151 -0.305005 
-0.516478 1.02004 
-1.10534 -0.38695 
-0.487842 0.949887 
-0.934848 -0.429555 
-0.475455 0.832539 
-0.403236 -0.20329 
-0.219295 1.02416 
-1.36017 0.938985 
0.916857 0.50281 
-1.29694 0.852918 
1.1162 0.430131 
-1.33058 0.537981 
0.372289 0.596696 
-1.30768 0.980095 
0.880114 0.516522 
-1.28557 0.904194 
1.03878 0.466174 
-1.32133 0.684979 
1.25997 0.583704 
-1.23838 0.934917 
1.00356 0.487288 
-1.31045 0.762911 
1.2296 0.428725 
-1.32374 0.504971 
-0.229214 0.0961165 
1.1751 0.69462 
-1.13833 1.14571 
0.401824 0.388531 
-1.38059 0.342645 
-1.041 -0.144766 
-0.409103 0.958059 
-1.24049 -0.256118 
-0.559923 1.05897 
-1.09624 -0.394422 
-0.486937 0.942743 
-0.906986 -0.42894 
-0.473915 0.816236 
-0.322266 -0.143727 
-0.378027 1.16827 
-1.37293 0.922618 
0.933657 0.49656 
-1.30175 0.828299 
1.15028 0.418174 
-1.3302 0.487056 
-0.382543 -0.0188846 
-0.602444 1.20184 
-1.36924 0.000157661 
-0.946387 1.05324 
0.457441 0.432963 
-1.37593 0.593065 
1.20212 0.736773 
-1.08467 1.20877 
0.0503123 0.130922 
0.305986 0.382255 
-1.35113 0.0978702 
-0.974484 1.03996 
0.567463 0.48861 
-1.32578 0.861054 
1.0826 0.440525 
-1.32956 0.586674 
0.913088 0.869863 
-0.906064 1.39925 
-1.27433 -0.247691 
-0.608149 1.0794 
-0.998749 -0.429819 
-0.479756 0.872801 
-0.597046 -0.326587 
-0.350015 0.773221 
-0.760318 -0.39338 
-0.443941 0.755276 
-0.154717 -0.0102275 
1.08266 0.802909 
-1.00782 1.30295 
-0.621326 -0.361604 
-0.383268 0.747573 
-0.452102 -0.233441 
-0.226428 0.942159 
-1.41551 0.546191 
1.21651 0.717716 
-1.10538 1.18172 
0.210818 0.2565 
-0.931922 -0.39056 
-0.461196 0.836007 
-0.49985 -0.268068 
-0.261913 0.867047 
-1.35168 -0.00840465 
-0.873859 1.08838 
0.0875127 0.170365 
-0.0494942 0.0994139 
0.818977 0.619743 
-1.19185 1.13617 
0.47284 0.427545 
-1.37473 0.595403 
1.20445 0.733279 
-1.08859 1.2039 
0.0808036 0.155364 
0.0528572 0.183932 
0.0564318 0.185546 
0.0313192 0.164976 
0.246823 0.336882 
-1.22927 -0.209651 
-0.543489 1.05907 
-1.15178 -0.358176 
-0.5008 0.985861 
-1.03278 -0.41617 
-0.479428 0.896731 
-0.722297 -0.385552 
-0.431746 0.746772 
-0.176296 -0.0272509 
0.528908 0.696311 
-1.13649 1.27586 
-0.199186 -0.0745158 
-1.19707 0.0582336 
-0.549203 1.10456 
-1.27051 -0.223465 
-0.601654 1.08064 
-1.02878 -0.42281 
-0.480916 0.893444 
-0.698169 -0.375831 
-0.41995 0.745401 
-0.234828 -0.0736993 
-1.18374 0.812255 
1.21558 0.442171 
-1.3227 0.544673 
0.351474 0.580431 
-1.33102 0.907225 
1.00172 0.476787 
-1.31572 0.736704 
1.25097 0.458116 
-1.31575 0.59706 
0.89271 0.867321 
-0.907104 1.40221 
-1.2803 -0.238341 
-0.618078 1.08354 
-0.977508 -0.433446 
-0.479252 0.858682 
-0.524512 -0.284306 
-0.284456 0.835812 
-1.24508 -0.239047 
-0.564701 1.06418 
-1.09884 -0.393357 
-0.487452 0.944684 
-0.913441 -0.429259 
-0.474331 0.819919 
-0.340214 -0.157245 
-0.312183 1.13906 
-1.33365 1.04798 
0.700139 0.508556 
-1.29203 0.9383 
0.973378 0.492823 
-1.30602 0.795513 
1.19322 0.413578 
-1.32752 0.460753 
-0.754604 -0.202866 
-0.348456 0.840222 
-1.05663 -0.399519 
-0.478515 0.914562 
-0.814498 -0.414699 
-0.4617 0.771127 
-0.142709 -0.00116052 
1.16713 0.702562 
-1.12979 1.15915 
0.338952 0.347804 
-1.33773 0.0521507 
-0.876028 1.09133 
0.0800059 0.164211 
0.0157224 0.15318 
0.370029 0.426134 
-1.38582 0.418042 
-0.259967 0.0729346 
0.681754 0.784169 
-1.00252 1.37836 
-0.995641 -0.450729 
-0.486304 0.869101 
-0.542718 -0.295686 
-0.301502 0.816065 
-1.13866 -0.351868 
-0.492595 0.977179 
-1.03003 -0.416496 
-0.479137 0.894839 
-0.714207 -0.38235 
-0.427973 0.746053 
-0.193473 -0.0409685 
-0.39857 -0.0405408 
-0.465275 1.18521 
-1.4225 0.614535 
1.26925 0.479309 
-1.30592 0.66571 
1.21613 0.707726 
-1.11747 1.16643 
0.294141 0.317245 
-1.2573 -0.158769 
-0.583309 1.08367 
-1.10649 -0.390359 
-0.489145 0.950395 
-0.931438 -0.429649 
-0.475322 0.830482 
-0.392707 -0.195764 
-0.224279 1.04366 
-1.34491 0.995285 
0.816498 0.518926 
-1.28129 0.936737 
0.982397 0.490686 
-1.30768 0.784623 
1.20609 0.416005 
-1.3265 0.466425 
-0.705078 -0.189945 
-0.324339 0.85072 
-1.17521 -0.323341 
-0.507695 1.00639 
-1.08627 -0.39625 
-0.484556 0.935537 
-0.884899 -0.427117 
-0.472129 0.804078 
-0.265333 -0.0998303 
-0.803217 1.18415 
-0.704823 -0.392465 
-0.430969 0.740121 
-0.144505 -0.00137341 
1.16263 0.711981 
-1.11912 1.17426 
0.262366 0.294231 
-1.16301 -0.286843 
-0.492647 1.00272 
-1.12577 -0.373233 
-0.491992 0.965753 
-0.98559 -0.425835 
-0.477321 0.864591 
-0.566412 -0.309275 
-0.323077 0.794859 
-0.980492 -0.417531 
-0.474151 0.862149 
-0.570248 -0.311351 
-0.326462 0.79188 
-0.953981 -0.420449 
-0.473287 0.845213 
-0.48403 -0.258352 
-0.248957 0.888525 
-1.39172 0.162063 
-1.20119 0.672098 
0.965631 0.867259 
-0.915376 1.38537 
-1.21661 -0.323759 
-0.541932 1.03499 
-1.07007 -0.405468 
-0.483112 0.923347 
-0.834716 -0.41938 
-0.465648 0.77956 
-0.166869 -0.0209882 
0.840462 0.839045 
-0.938 1.3937 
-1.19672 -0.345702 
-0.528206 1.01898 
-1.05893 -0.409067 
-0.481785 0.915284 
-0.802386 -0.411819 
-0.459048 0.766473 
-0.132035 0.00767063 
1.18426 0.629893 
-1.20669 1.02654 
0.809353 0.531907 
-1.27109 0.968095 
0.926077 0.510353 
-1.29252 0.865925 
1.09846 0.43808 
-1.32969 0.570556 
0.762246 0.833436 
-0.939932 1.40622 
-1.23184 -0.308193 
-0.555457 1.04685 
-1.06626 -0.407789 
-0.482935 0.920486 
-0.82192 -0.41663 
-0.4633 0.77409 
-0.149999 -0.0071718 
1.12514 0.766022 
-1.05501 1.25364 
-0.239394 -0.103001 
-0.962656 1.11073 
0.246602 0.290298 
-1.12292 -0.321828 
-0.478334 0.969746 
-1.05567 -0.40743 
-0.480655 0.913167 
-0.797539 -0.410481 
-0.457851 0.764741 
-0.129229 0.0100164 
1.18313 0.616016 
-1.22014 0.997869 
0.877062 0.525844 
-1.2786 0.926925 
1.00203 0.483147 
-1.31251 0.753166 
1.23835 0.43754 
-1.32174 0.532735 
0.161166 0.424555 
-1.26608 -0.159512 
-0.597544 1.08794 
-1.07285 -0.407505 
-0.484343 0.925119 
-0.837352 -0.419963 
-0.466117 0.780719 
-0.170606 -0.0240386 
0.723076 0.801647 
-0.979376 1.3877 
-1.08625 -0.423458 
-0.492241 0.933334 
-0.839405 -0.420734 
-0.466619 0.781571 
-0.172465 -0.0255651 
0.655243 0.770039 
-1.0221 1.36786 
-0.903618 -0.454406 
-0.483326 0.811355 
-0.243536 -0.0831523 
-1.06671 1.01559 
0.77401 0.541643 
-1.26275 0.999785 
0.861713 0.523742 
-1.27934 0.929228 
0.997401 0.484964 
-1.31143 0.76072 
1.23135 0.430119 
-1.32344 0.509362 
-0.168125 0.145419 
1.0439 0.58027 
-1.24914 0.962689 
0.945809 0.507044 
-1.29586 0.846906 
1.12618 0.426525 
-1.33066 0.522422 
0.148841 0.414237 
-1.22515 -0.226077 
-0.539451 1.05383 
-1.14699 -0.361523 
-0.499044 0.982094 
-1.02452 -0.41834 
-0.478958 0.890958 
-0.695408 -0.374575 
-0.418431 0.745452 
-0.243634 -0.080606 
-1.08289 0.995381 
0.842314 0.541846 
-1.2643 0.977328 
0.909916 0.515118 
-1.28827 0.885857 
1.06845 0.452151 
-1.32651 0.628002 
1.14933 0.794975 
-1.01707 1.284 
-0.496331 -0.288398 
-0.270147 0.849418 
-1.3074 -0.126663 
-0.685973 1.10701 
-0.804416 -0.421588 
-0.463711 0.765193 
-0.0995113 0.0341632 
1.10856 0.57238 
-1.25899 0.917928 
1.0276 0.474523 
-1.31751 0.714421 
1.2625 0.502537 
-1.2958 0.728573 
1.26086 0.504536 
-1.29498 0.733485 
1.25915 0.493623 
-1.30085 0.702386 
1.26006 0.574593 
-1.2462 0.913613 
1.0403 0.470421 
-1.31957 0.695528 
1.26356 0.552497 
-1.26317 0.861042 
1.12217 0.432612 
-1.32988 0.542186 
0.420015 0.632761 
-1.25019 1.11362 
0.555997 0.465853 
-1.34216 0.791792 
1.17063 0.407895 
-1.32926 0.449141 
-0.850878 -0.212917 
-0.380125 0.851356 
-0.973792 -0.421464 
-0.474959 0.857479 
-0.54105 -0.294214 
-0.29968 0.818151 
-1.15128 -0.342142 
-0.496879 0.987246 
-1.05329 -0.409348 
-0.480773 0.91136 
-0.788205 -0.407899 
-0.455424 0.76155 
-0.125294 0.013338 
1.17883 0.600118 
-1.235 0.963918 
0.947445 0.508075 
-1.29529 0.848466 
1.12415 0.427348 
-1.33065 0.525831 
0.198961 0.456542 
-1.35224 0.0770155 
-0.954905 1.05225 
0.480456 0.445619 
-1.36766 0.663776 
1.26793 0.519783 
-1.28493 0.777905 
1.22679 0.431516 
-1.32361 0.513148 
-0.107758 0.195461 
0.724856 0.59867 
-1.21149 1.12235 
0.527063 0.454759 
-1.35399 0.738348 
1.22605 0.4169 
-1.325 0.468847 
-0.697947 -0.187736 
-0.320501 0.853243 
-1.19428 -0.304381 
-0.518626 1.02203 
-1.10506 -0.387235 
-0.487824 0.949663 
-0.933939 -0.429564 
-0.475414 0.831992 
-0.400453 -0.201307 
-0.220343 1.02928 
-1.35605 0.954934 
0.890125 0.509449 
-1.29105 0.882773 
1.07191 0.450184 
-1.32709 0.620395 
1.118 0.819943 
-0.986039 1.31396 
-0.738315 -0.41362 
-0.449931 0.742029 
-0.0502856 0.0753089 
0.888794 0.621218 
-1.19603 1.11339 
0.553998 0.468562 
-1.34103 0.798201 
1.16287 0.409294 
-1.3298 0.455882 
-0.776349 -0.206955 
-0.357347 0.83944 
-1.01902 -0.411882 
-0.476229 0.887858 
-0.693442 -0.373616 
-0.417292 0.745557 
-0.25059 -0.0860457 
-0.995211 1.08575 
0.430222 0.413967 
-1.38244 0.486252 
0.534054 0.713556 
-1.11444 1.30117 
-0.366296 -0.202482 
-0.230322 1.06463 
-1.32766 1.05059 
0.698616 0.508732 
-1.29202 0.938783 
0.972476 0.493157 
-1.30578 0.796902 
1.19154 0.413434 
-1.32764 0.460609 
-0.754496 -0.20284 
-0.348408 0.840233 
-1.05685 -0.399432 
-0.478533 0.914724 
-0.815187 -0.414865 
-0.461845 0.771401 
-0.143392 -0.00172433 
1.16449 0.708191 
-1.12343 1.16824 
0.293606 0.316555 
-1.25545 -0.162108 
-0.580159 1.08214 
-1.11166 -0.387256 
-0.490126 0.954356 
-0.944601 -0.429429 
-0.475905 0.838468 
-0.433144 -0.224272 
-0.219347 0.970235 
-1.4024 0.711101 
1.20987 0.399402 
-1.32615 0.415743 
-1.11619 -0.0661485 
-0.439514 1.02513 
-1.32639 -0.102018 
-0.742168 1.10958 
-0.569134 -0.321748 
-0.332254 0.784206 
-0.895572 -0.420533 
-0.47014 0.8109 
-0.313808 -0.137156 
-0.418522 1.18067 
-1.39784 0.80941 
1.08775 0.427588 
-1.33221 0.546491 
0.509962 0.696623 
-1.14219 1.27221 
-0.172363 -0.0532113 
-0.0512076 0.23299 
0.34158 0.402834 
-1.37732 0.265827 
-1.23547 0.35847 
-1.05216 0.985454 
0.843094 0.544411 
-1.26225 0.982508 
0.899774 0.517559 
-1.28595 0.896817 
1.05128 0.460388 
-1.3237 0.661388 
1.23606 0.667917 
-1.1593 1.10198 
0.577043 0.481196 
-1.32866 0.845934 
1.10379 0.430681 
-1.33101 0.546227 
0.490044 0.682998 
-1.16518 1.24528 
-0.0105211 0.0777186 
0.752058 0.611998 
-1.1977 1.14089 
0.457772 0.418694 
-1.37884 0.545125 
1.01164 0.866553 
-0.920672 1.37452 
-1.17015 -0.368126 
-0.513853 0.998 
-1.03069 -0.417484 
-0.479532 0.895199 
-0.714043 -0.382302 
-0.427904 0.746035 
-0.193757 -0.0411946 
-0.414759 -0.0516055 
-0.393466 1.1651 
-1.39007 0.846022 
1.04247 0.450373 
-1.32724 0.639289 
1.19158 0.747914 
-1.07247 1.22403 
-0.0486043 0.050716 
0.946985 0.615112 
-1.20816 1.07771 
0.66934 0.510833 
-1.2932 0.94365 
0.962539 0.496584 
-1.30327 0.811453 
1.17341 0.413855 
-1.32889 0.466239 
-0.673405 -0.179289 
-0.306699 0.864312 
-1.26058 -0.21767 
-0.586038 1.07617 
-1.06861 -0.408591 
-0.483686 0.922062 
-0.825921 -0.417556 
-0.464084 0.775756 
-0.154762 -0.0110835 
1.07705 0.806594 
-1.00334 1.30757 
-0.657758 -0.379702 
-0.4089 0.738425 
-0.258838 -0.0921869 
-0.895045 1.14991 
-0.160734 -0.0333815 
0.753726 0.813601 
-0.96471 1.39215 
-1.13514 -0.396254 
-0.501914 0.970407 
-0.964192 -0.428828 
-0.476814 0.850669 
-0.494462 -0.265254 
-0.257601 0.873688 
-1.36667 0.0446697 
-0.977212 1.03495 
0.590767 0.49862 
-1.31419 0.897554 
1.03157 0.465782 
-1.32139 0.688452 
1.26178 0.571406 
-1.24849 0.906634 
1.05189 0.464879 
-1.32198 0.673324 
1.25067 0.625374 
-1.20119 1.02317 
0.817691 0.532369 
-1.27094 0.966178 
0.930057 0.509282 
-1.29345 0.861161 
1.10547 0.434975 
-1.33011 0.557736 
0.622954 0.766947 
-1.02981 1.36735 
-0.883147 -0.452666 
-0.481987 0.799818 
-0.187621 -0.038442 
-0.123249 0.172464 
0.848814 0.615853 
-1.19778 1.11924 
0.534598 0.459317 
-1.35013 0.757902 
1.20707 0.408603 
-1.3266 0.443921 
-0.928308 -0.202934 
-0.393669 0.883165 
-1.04626 -0.40589 
-0.478462 0.906836 
-0.777272 -0.404576 
-0.452259 0.758151 
-0.124326 0.0142596 
1.17728 0.596643 
-1.23817 0.956367 
0.961883 0.503041 
-1.29932 0.827814 
1.15259 0.417972 
-1.33007 0.485551 
-0.405794 -0.0349368 
-0.461902 1.18401 
-1.42159 0.625192 
1.26516 0.461091 
-1.31325 0.61083 
0.987398 0.868271 
-0.916281 1.38115 
-1.20149 -0.339559 
-0.530982 1.02294 
-1.06396 -0.407297 
-0.482303 0.918932 
-0.817478 -0.415579 
-0.462397 0.772282 
-0.145138 -0.0031717 
1.15663 0.723009 
-1.10643 1.19143 
0.168172 0.223697 
-0.658509 -0.327791 
-0.378677 0.765683 
-0.57326 -0.309063 
-0.326716 0.792648 
-0.956091 -0.420313 
-0.473371 0.846529 
-0.490696 -0.262684 
-0.254379 0.879045 
-1.37692 0.0870888 
-1.0642 0.953664 
0.931286 0.529886 
-1.27924 0.908745 
1.03432 0.469 
-1.32008 0.695415 
1.26366 0.551616 
-1.26381 0.858871 
1.12531 0.431386 
-1.32995 0.537068 
0.350072 0.579448 
-1.33243 0.902316 
1.00905 0.473463 
-1.31751 0.723299 
1.25885 0.481621 
-1.30636 0.668144 
1.22239 0.695888 
-1.13023 1.14806 
0.384619 0.378034 
-1.37511 0.268563 
-1.23592 0.371524 
-1.08555 0.944588 
0.965163 0.51801 
-1.2899 0.862193 
1.10602 0.435241 
-1.33003 0.558206 
0.627651 0.769588 
-1.02588 1.36974 
-0.903465 -0.454569 
-0.48338 0.811233 
-0.242553 -0.0823783 
-1.07899 1.00051 
0.82592 0.542748 
-1.26286 0.985596 
0.892909 0.518869 
-1.28461 0.903316 
1.04085 0.465352 
-1.32169 0.681453 
1.25786 0.595429 
-1.22835 0.960924 
0.955103 0.506369 
-1.29684 0.839915 
1.1362 0.422963 
-1.33058 0.507243 
-0.0802584 0.218688 
0.532014 0.521299 
-1.3108 0.926965 
0.982109 0.487269 
-1.30955 0.776096 
1.21527 0.419299 
-1.32567 0.475907 
-0.60307 -0.150067 
-0.26541 0.917253 
-1.40228 0.226006 
-1.22385 0.238239 
-0.773226 1.1337 
-0.562686 -0.319277 
-0.327143 0.788292 
-0.935908 -0.421325 
-0.472556 0.834134 
-0.427777 -0.220416 
-0.218068 0.979831 
-1.39588 0.759567 
1.15854 0.401131 
-1.33012 0.432985 
-0.978891 -0.184908 
-0.399809 0.912663 
-1.13075 -0.363972 
-0.491837 0.970247 
-1.0049 -0.422483 
-0.477984 0.877507 
-0.631021 -0.344411 
-0.377022 0.757072 
-0.537014 -0.287699 
-0.2936 0.825931 
-1.19351 -0.303156 
-0.517787 1.02165 
-1.10664 -0.38631 
-0.488111 0.950867 
-0.937986 -0.429516 
-0.475597 0.834436 
-0.412819 -0.210078 
-0.217285 1.00657 
-1.37479 0.876405 
1.01156 0.466788 
-1.32059 0.703933 
1.26431 0.524589 
-1.28255 0.789253 
1.2148 0.424049 
-1.32533 0.490276 
-0.416667 -0.0423653 
-0.412541 1.17085 
-1.40071 0.790005 
1.11172 0.416393 
-1.33266 0.500178 
-0.150197 0.160298 
0.962216 0.603205 
-1.22106 1.04825 
0.752652 0.526934 
-1.27504 0.972987 
0.914141 0.512979 
-1.28999 0.878614 
1.07942 0.44689 
-1.32794 0.606634 
1.04715 0.855359 
-0.938022 1.35834 
-1.06981 -0.427942 
-0.489597 0.921396 
-0.794613 -0.410094 
-0.4573 0.763619 
-0.126186 0.0125305 
1.18008 0.60348 
-1.23192 0.971194 
0.933134 0.512614 
-1.29142 0.86741 
1.09676 0.438968 
-1.32954 0.574054 
0.796586 0.845481 
-0.92635 1.40818 
-1.2624 -0.267153 
-0.590492 1.07051 
-1.02958 -0.421948 
-0.480759 0.894059 
-0.702092 -0.377471 
-0.421997 0.745443 
-0.223579 -0.0648424 
-1.25381 0.438281 
-1.23895 0.446077 
-1.23639 0.495298 
-1.1726 0.0323224 
-0.506446 1.08626 
-1.3207 -0.122928 
-0.719912 1.10848 
-0.662807 -0.370187 
-0.405136 0.743424 
-0.307281 -0.129548 
-0.462789 1.19093 
-1.41924 0.656082 
1.24615 0.421239 
-1.32319 0.484934 
-0.523503 -0.108825 
-0.24122 1.01343 
-1.38874 0.811318 
1.09584 0.425262 
-1.33229 0.535011 
0.356392 0.58442 
-1.32557 0.925669 
0.9733 0.488841 
-1.30828 0.785493 
1.20462 0.41546 
-1.32664 0.464915 
-0.720457 -0.194457 
-0.332368 0.846084 
-1.13472 -0.356769 
-0.49189 0.973837 
-1.01935 -0.41926 
-0.478587 0.887401 
-0.679107 -0.367433 
-0.409215 0.746312 
-0.300066 -0.124194 
-0.507673 1.19859 
-1.42865 0.472224 
1.02314 0.866003 
-0.922362 1.37164 
-1.15648 -0.378907 
-0.508259 0.987233 
-1.00897 -0.422525 
-0.478424 0.880193 
-0.642717 -0.350284 
-0.385547 0.753213 
-0.469682 -0.24531 
-0.236992 0.91382 
-1.41341 0.35218 
-0.430387 -0.0499093 
-0.366068 1.15365 
-1.37564 0.908307 
0.956356 0.488817 
-1.30748 0.795708 
1.192 0.413197 
-1.32762 0.45981 
-0.763481 -0.204673 
-0.352222 0.839632 
-1.03993 -0.405592 
-0.477304 0.902539 
-0.761789 -0.399631 
-0.447298 0.753926 
-0.128817 0.0107841 
1.18267 0.61319 
-1.22284 0.99196 
0.890005 0.523446 
-1.28113 0.915258 
1.02178 0.474369 
-1.31744 0.717665 
1.2614 0.494652 
-1.30002 0.70612 
1.2613 0.563578 
-1.25499 0.887576 
1.08226 0.450255 
-1.32688 0.61447 
1.08692 0.838532 
-0.961711 1.33636 
-0.913918 -0.452239 
-0.482852 0.81763 
-0.280647 -0.112187 
-0.646426 1.20651 
-1.30298 -0.17469 
-0.666385 1.10039 
-0.855955 -0.431814 
-0.472395 0.787987 
-0.17567 -0.0283956 
0.518919 0.689781 
-1.14728 1.26398 
-0.123926 -0.0141675 
1.17753 0.67151 
-1.16396 1.10617 
0.565389 0.4758 
-1.33439 0.825186 
1.13016 0.419424 
-1.33132 0.49962 
-0.181593 0.134535 
1.09788 0.564492 
-1.2648 0.90369 
1.05032 0.463538 
-1.3225 0.670622 
1.24802 0.634407 
-1.19259 1.04082 
0.771517 0.531308 
-1.27124 0.978169 
0.905112 0.515475 
-1.28772 0.889224 
1.06313 0.454679 
-1.32572 0.638297 
1.18431 0.757315 
-1.06168 1.23655 
-0.135235 -0.0196417 
1.13998 0.747315 
-1.07779 1.22751 
-0.0555761 0.0447659 
0.980448 0.608017 
-1.21859 1.04919 
0.750258 0.526833 
-1.27518 0.973262 
0.913501 0.513118 
-1.28986 0.879281 
1.07841 0.44737 
-1.32783 0.608586 
1.05836 0.851363 
-0.943846 1.35279 
-1.03275 -0.440154 
-0.486832 0.894823 
-0.6752 -0.366029 
-0.407086 0.74654 
-0.313269 -0.134196 
-0.428943 1.18328 
-1.40369 0.775651 
1.12774 0.409445 
-1.33223 0.471308 
-0.561212 -0.129215 
-0.246486 0.963553 
-1.41601 0.556573 
1.23727 0.677408 
-1.14834 1.11886 
0.511277 0.450794 
-1.35915 0.712358 
1.24715 0.438664 
-1.32078 0.537965 
0.224903 0.478063 
-1.38158 0.246693 
-1.23586 0.412551 
-1.18166 0.759651 
1.25453 0.547998 
-1.26825 0.84657 
1.14234 0.425253 
-1.32996 0.5113 
-0.0297861 0.261507 
0.106457 0.222647 
-0.387356 -0.166833 
-0.246559 1.08079 
-1.3271 1.05524 
0.686775 0.50606 
-1.29505 0.932797 
0.981828 0.489273 
-1.30844 0.781376 
1.20962 0.417075 
-1.32621 0.469401 
-0.674589 -0.179764 
-0.307244 0.863886 
-1.25826 -0.221342 
-0.582589 1.07436 
-1.07402 -0.406148 
-0.484224 0.926051 
-0.842315 -0.420913 
-0.466925 0.782961 
-0.178353 -0.0303429 
0.400278 0.606214 
-1.28572 1.03503 
0.767544 0.522977 
-1.27789 0.9608 
0.937537 0.506378 
-1.29579 0.850002 
1.12146 0.428275 
-1.33064 0.52988 
0.257956 0.505526 
-1.39279 0.454203 
0.341762 0.574001 
-1.34032 0.873625 
1.05021 0.453662 
-1.32611 0.643487 
1.20092 0.734522 
-1.08765 1.20561 
0.07094 0.147464 
0.136337 0.251701 
-0.649861 -0.325399 
-0.373729 0.767315 
-0.60827 -0.328144 
-0.356549 0.770006 
-0.711659 -0.375905 
-0.423819 0.747989 
-0.227246 -0.0678343 
-1.24256 0.57921 
-0.128736 0.17686 
0.85401 0.615544 
-1.1985 1.1168 
0.543124 0.463342 
-1.34621 0.775959 
1.18801 0.406344 
-1.32799 0.439937 
-0.946497 -0.19762 
-0.395951 0.893037 
-1.07486 -0.394847 
-0.481201 0.927656 
-0.863804 -0.424352 
-0.469838 0.793245 
-0.218548 -0.0627678 
-1.24628 0.272169 
-0.890634 1.10022 
0.0845606 0.167251 
-0.020569 0.123285 
0.638647 0.575414 
-1.24165 1.08253 
0.653975 0.503822 
-1.30031 0.925686 
0.991572 0.484796 
-1.31128 0.763901 
1.22806 0.427231 
-1.32403 0.500309 
-0.293615 0.0460397 
-0.978492 -0.201883 
-0.404529 0.906773 
-1.09362 -0.386382 
-0.483943 0.941629 
-0.915185 -0.429146 
-0.474371 0.820946 
-0.345634 -0.161291 
-0.296694 1.12966 
-1.32672 1.06545 
0.659424 0.498848 
-1.30328 0.914224 
1.01022 0.476648 
-1.31605 0.73097 
1.25485 0.468099 
-1.3121 0.627603 
1.08905 0.836836 
-0.963837 1.33448 
-0.899452 -0.451245 
-0.482003 0.80927 
-0.239468 -0.0798709 
-1.11717 0.946309 
0.976074 0.511099 
-1.29514 0.839212 
1.13835 0.422533 
-1.33051 0.505009 
-0.115059 0.189453 
0.770405 0.60829 
-1.20151 1.13016 
0.497602 0.44037 
-1.3662 0.666138 
1.26774 0.51744 
-1.2864 0.771517 
1.23295 0.437049 
-1.32229 0.530435 
0.134863 0.402233 
-1.16933 -0.29241 
-0.497848 1.00632 
-1.12066 -0.3768 
-0.490812 0.961757 
-0.973596 -0.427318 
-0.47692 0.856762 
-0.526708 -0.285563 
-0.286428 0.833412 
-1.23389 -0.254763 
-0.551745 1.05504 
-1.11018 -0.386376 
-0.489365 0.953382 
-0.94361 -0.429426 
-0.475852 0.837864 
-0.430136 -0.222189 
-0.218572 0.975513 
-1.39891 0.738227 
1.182 0.397134 
-1.32813 0.413538 
-1.11376 -0.0694768 
-0.437872 1.02271 
-1.32476 -0.105777 
-0.736332 1.10955 
-0.59512 -0.33617 
-0.354988 0.767006 
-0.704768 -0.373037 
-0.420327 0.747767 
-0.245626 -0.0822564 
-1.05745 1.02622 
0.733779 0.536832 
-1.26757 0.998111 
0.863495 0.523049 
-1.27995 0.926862 
1.00143 0.483231 
-1.3124 0.75373 
1.23787 0.436964 
-1.32188 0.530917 
0.135836 0.403054 
-1.17342 -0.288332 
-0.499961 1.00974 
-1.12549 -0.373871 
-0.492039 0.965496 
-0.984316 -0.426021 
-0.477281 0.863751 
-0.562156 -0.306806 
-0.319206 0.798409 
-1.01049 -0.411798 
-0.475169 0.882202 
-0.669862 -0.36309 
-0.403528 0.747448 
-0.338195 -0.152869 
-0.323936 1.14518 
-1.34003 1.03058 
0.738416 0.514829 
-1.28498 0.948531 
0.957919 0.49912 
-1.3015 0.820487 
1.16179 0.415712 
-1.32961 0.475442 
-0.548931 -0.122755 
-0.243089 0.97904 
-1.41012 0.647216 
1.26004 0.449804 
-1.31708 0.575334 
0.68121 0.797623 
-0.985744 1.39066 
-1.08352 -0.42501 
-0.491979 0.931289 
-0.830916 -0.41901 
-0.465163 0.777818 
-0.160048 -0.0154282 
0.997153 0.840301 
-0.95362 1.35697 
-1.02505 -0.442591 
-0.486604 0.889405 
-0.648372 -0.353405 
-0.389715 0.751459 
-0.437151 -0.223513 
-0.220327 0.967168 
-1.40454 0.692863 
1.22696 0.406748 
-1.32514 0.437985 
-0.990047 -0.179644 
-0.401244 0.919941 
-1.15026 -0.349899 
-0.498078 0.985659 
-1.0425 -0.413068 
-0.479986 0.903615 
-0.75394 -0.397124 
-0.444612 0.752033 
-0.133406 0.00713827 
1.18421 0.635689 
-1.20088 1.03823 
0.779124 0.531224 
-1.27128 0.975961 
0.909726 0.514425 
-1.28874 0.884333 
1.07071 0.451046 
-1.32684 0.62354 
1.13149 0.810041 
-0.998509 1.30212 
-0.642754 -0.372136 
-0.3987 0.741406 
-0.332448 -0.14836 
-0.344278 1.15481 
-1.35189 0.995469 
0.809159 0.518372 
-1.28156 0.938086 
0.979715 0.491679 
-1.30699 0.788775 
1.2013 0.414828 
-1.3269 0.46336 
-0.734325 -0.198148 
-0.339204 0.842989 
-1.10063 -0.378567 
-0.484039 0.947357 
-0.940135 -0.429261 
-0.475615 0.835769 
-0.420002 -0.215123 
-0.217113 0.993565 
-1.38541 0.822963 
1.08269 0.431844 
-1.33156 0.561774 
0.687148 0.800824 
-0.981412 1.39264 
-1.10059 -0.416867 
-0.49448 0.944022 
-0.879047 -0.426965 
-0.471762 0.800922 
-0.250026 -0.0878047 
-0.987572 1.09225 
0.387188 0.387441 
-1.37892 0.309081 
-1.1799 0.060271 
-0.526491 1.09823 
-1.30598 -0.156906 
-0.675975 1.10326 
-0.828965 -0.427047 
-0.468462 0.775372 
-0.128604 0.0100949 
1.18281 0.61426 
-1.22183 0.994227 
0.885074 0.524404 
-1.28013 0.919844 
1.01409 0.477846 
-1.31558 0.731702 
1.25454 0.467368 
-1.31239 0.62536 
1.07783 0.84246 
-0.956189 1.34143 
-0.95199 -0.452296 
-0.484272 0.840851 
-0.400441 -0.201657 
-0.220218 1.0289 
-1.35631 0.953926 
0.891853 0.509071 
-1.2914 0.881011 
1.07462 0.448896 
-1.32744 0.615147 
1.09325 0.835226 
-0.966128 1.33234 
-0.883224 -0.44975 
-0.480855 0.8002 
-0.195942 -0.0450991 
-0.597488 -0.158883 
-0.265795 0.91201 
-1.39815 0.196977 
-1.23392 0.450081 
-1.23635 0.497309 
-1.16405 0.0134206 
-0.491082 1.0762 
-1.32965 -0.0999745 
-0.752025 1.1091 
-0.522447 -0.294143 
-0.288762 0.827941 
-1.21295 -0.281258 
-0.53196 1.03775 
-1.1157 -0.381941 
-0.490219 0.95773 
-0.958844 -0.428654 
-0.476429 0.847339 
-0.478531 -0.254882 
-0.244725 0.896446 
-1.40112 0.223942 
-1.22767 0.266833 
-0.831147 1.12228 
-0.254649 -0.105831 
-0.836496 1.17403 
-0.517143 -0.294263 
-0.285693 0.830845 
-1.22909 -0.261034 
-0.546725 1.0511 
-1.11316 -0.384346 
-0.489905 0.955696 
-0.951378 -0.429111 
-0.476158 0.842662 
-0.454605 -0.238939 
-0.228608 0.933871 
-1.41678 0.494863 
1.0377 0.861712 
-0.929039 1.36524 
-1.118 -0.404546 
-0.497052 0.957423 
-0.928247 -0.430046 
-0.475313 0.828532 
-0.382062 -0.188091 
-0.232736 1.06343 
-1.33175 1.03878 
0.725512 0.513575 
-1.28654 0.947597 
0.958849 0.498625 
-1.30185 0.818713 
1.1641 0.415262 
-1.32948 0.47331 
-0.578219 -0.137962 
-0.25306 0.943473 
-1.41728 0.42382 
0.47024 0.670755 
-1.18688 1.21719 
0.139822 0.197636 
-0.423848 -0.191001 
-0.221463 1.0166 
-1.36947 0.901298 
0.9754 0.482578 
-1.31176 0.768213 
1.22301 0.423348 
-1.32479 0.488249 
-0.453551 -0.0665555 
-0.303262 1.11823 
-1.34777 1.00144 
0.799881 0.518787 
-1.28112 0.942137 
0.972282 0.494503 
-1.305 0.800402 
1.1874 0.413258 
-1.32795 0.460887 
-0.747413 -0.201273 
-0.345273 0.840981 
-1.07139 -0.393322 
-0.479932 0.92538 
-0.859014 -0.42357 
-0.469215 0.790895 
-0.209119 -0.0552047 
-1.11283 -0.0973916 
-0.437977 1.01324 
-1.30526 -0.149359 
-0.67581 1.10398 
-0.833168 -0.427942 
-0.469194 0.777231 
-0.134646 0.00512331 
1.1834 0.645971 
-1.19059 1.0585 
0.722676 0.524712 
-1.27796 0.973156 
0.912346 0.513098 
-1.2898 0.879836 
1.07752 0.44778 
-1.32773 0.610268 
1.06768 0.847609 
-0.949203 1.34785 
-0.998185 -0.447633 
-0.485495 0.871015 
-0.557259 -0.304286 
-0.314928 0.802384 
-1.04262 -0.402546 
-0.476834 0.904664 
-0.774546 -0.403669 
-0.451399 0.757371 
-0.124835 0.0138775 
1.17804 0.598265 
-1.2367 0.959895 
0.955184 0.505431 
-1.29744 0.837584 
1.13932 0.421893 
-1.33052 0.502687 
-0.14955 0.160799 
0.959182 0.603858 
-1.2202 1.05095 
0.745437 0.526053 
-1.27594 0.972489 
0.91473 0.512739 
-1.29021 0.877725 
1.08075 0.446256 
-1.32809 0.604057 
1.03178 0.860041 
-0.93087 1.36524 
-1.11366 -0.407102 
-0.496148 0.95411 
-0.917429 -0.429823 
-0.474724 0.822175 
-0.350423 -0.164866 
-0.28451 1.12124 
-1.32255 1.07509 
0.635999 0.491951 
-1.3113 0.893696 
1.04022 0.462193 
-1.32294 0.673243 
1.25146 0.622729 
-1.20366 1.01792 
0.830718 0.531801 
-1.27182 0.960081 
0.941944 0.505733 
-1.29647 0.84594 
1.12728 0.426046 
-1.33068 0.520488 
0.120245 0.389901 
-1.10101 -0.346653 
-0.475821 0.951184 
-0.990998 -0.424148 
-0.477215 0.868252 
-0.586396 -0.320608 
-0.340832 0.780014 
-0.836979 -0.413086 
-0.463148 0.781853 
-0.193189 -0.0421666 
-0.424678 -0.058283 
-0.358759 1.15126 
-1.37081 0.927133 
0.927704 0.498572 
-1.3002 0.83659 
1.13901 0.421582 
-1.33057 0.501907 
-0.160309 0.151937 
1.00947 0.590854 
-1.2371 1.00132 
0.866199 0.525696 
-1.27811 0.93161 
0.993639 0.486637 
-1.31039 0.767364 
1.22479 0.424868 
-1.32452 0.492935 
-0.392272 -0.025741 
-0.536824 1.19674 
-1.42254 0.309403 
-0.650674 -0.168636 
-0.292329 0.879749 
-1.32346 -0.0918655 
-0.737975 1.11061 
-0.593476 -0.335331 
-0.353631 0.767915 
-0.716198 -0.377581 
-0.425929 0.748329 
-0.217297 -0.059992 
-1.23131 0.179932 
-0.71002 1.13546 
-0.841875 -0.431273 
-0.47125 0.78093 
-0.143497 -0.00219312 
1.16323 0.710713 
-1.12056 1.17226 
0.272867 0.301802 
-1.19777 -0.248506 
-0.513592 1.03239 
-1.15798 -0.351348 
-0.502712 0.991003 
-1.0458 -0.412253 
-0.480295 0.905949 
-0.76397 -0.400477 
-0.448096 0.75444 
-0.127187 0.0120866 
1.18108 0.606527 
-1.22908 0.977746 
0.919911 0.516399 
-1.28804 0.883576 
1.07238 0.450368 
-1.32703 0.620627 
1.11884 0.81936 
-0.986782 1.31326 
-0.732879 -0.411587 
-0.447785 0.740951 
-0.0562448 0.0704787 
0.919186 0.618269 
-1.20206 1.09558 
0.613633 0.492985 
-1.31406 0.890844 
1.04303 0.460532 
-1.3236 0.666931 
1.24444 0.645608 
-1.18169 1.062 
0.710735 0.523034 
-1.28002 0.970708 
0.916349 0.511902 
-1.29089 0.874892 
1.08497 0.444255 
-1.32853 0.595901 
0.978206 0.869718 
-0.913466 1.38429 
-1.2172 -0.32298 
-0.54238 1.03547 
-1.07029 -0.405402 
-0.483143 0.923507 
-0.835333 -0.419505 
-0.465754 0.779832 
-0.167771 -0.0217248 
0.814313 0.832908 
-0.943575 1.3949 
-1.18903 -0.353233 
-0.523706 1.01283 
-1.05181 -0.411392 
-0.481103 0.910157 
-0.78072 -0.405731 
-0.45333 0.759164 
-0.1239 0.0145657 
1.17662 0.595361 
-1.2393 0.953567 
0.967147 0.501101 
-1.30081 0.81992 
1.16306 0.415596 
-1.32954 0.47466 
-0.560212 -0.128739 
-0.246174 0.964739 
-1.41569 0.563899 
1.24721 0.652907 
-1.17321 1.0765 
0.665118 0.512189 
-1.29264 0.946597 
0.957233 0.498473 
-1.30186 0.819291 
1.16327 0.415399 
-1.32953 0.474 
-0.5687 -0.133137 
-0.249149 0.954467 
-1.41765 0.498656 
1.0643 0.852687 
-0.942384 1.35267 
-1.03595 -0.439212 
-0.486983 0.897084 
-0.686034 -0.370868 
-0.413434 0.745638 
-0.27269 -0.103198 
-0.73797 1.19797 
-1.01787 -0.432806 
-0.482678 0.88527 
-0.647128 -0.352631 
-0.388753 0.751878 
-0.444749 -0.228675 
-0.22309 0.954196 
-1.41136 0.619816 
1.27081 0.501387 
-1.29507 0.728913 
1.26084 0.504862 
-1.29481 0.734376 
1.25879 0.491764 
-1.30179 0.697011 
1.25738 0.591696 
-1.23186 0.952365 
0.971499 0.500393 
-1.30148 0.815575 
1.1688 0.414636 
-1.32919 0.469915 
-0.624861 -0.159861 
-0.277741 0.89759 
-1.3723 0.0632695 
-1.01914 1.00099 
0.764931 0.544307 
-1.26056 1.00772 
0.844482 0.525673 
-1.2771 0.940994 
0.976547 0.493394 
-1.30586 0.795031 
1.19396 0.413698 
-1.32746 0.460992 
-0.752772 -0.202473 
-0.347658 0.84039 
-1.06028 -0.398062 
-0.47883 0.917214 
-0.825681 -0.417278 
-0.46394 0.775699 
-0.155245 -0.0114713 
1.07107 0.810328 
-0.998326 1.31254 
-0.696683 -0.397342 
-0.431422 0.736527 
-0.122558 0.016562 
1.17346 0.59004 
-1.24408 0.941973 
0.988345 0.492719 
-1.30684 0.786159 
1.20471 0.415742 
-1.32661 0.465755 
-0.711214 -0.191796 
-0.327596 0.848715 
-1.15878 -0.33799 
-0.500233 0.99305 
-1.06312 -0.405863 
-0.481705 0.918474 
-0.818123 -0.415703 
-0.462517 0.772548 
-0.145928 -0.0038204 
1.15253 0.729843 
-1.09847 1.20178 
0.107482 0.176272 
-0.17368 -0.00185305 
0.98092 0.843929 
-0.947269 1.36382 
-1.06858 -0.428927 
-0.489618 0.920468 
-0.789989 -0.408807 
-0.456092 0.762043 
-0.124296 0.0141278 
1.17735 0.596826 
-1.238 0.956767 
0.961128 0.503315 
-1.29911 0.828932 
1.15109 0.418368 
-1.33013 0.487313 
-0.380052 -0.0171405 
-0.620822 1.20229 
-1.3418 -0.0840342 
-0.794938 1.10497 
-0.310693 -0.147763 
-0.397088 1.17507 
-1.38449 0.875047 
1.00284 0.469315 
-1.31919 0.716304 
1.26158 0.494785 
-1.29993 0.706563 
1.26142 0.562284 
-1.256 0.884459 
1.08709 0.447979 
-1.32746 0.605252 
1.0357 0.858912 
-0.932654 1.36341 
-1.10251 -0.413093 
-0.494028 0.945675 
-0.888672 -0.427943 
-0.47264 0.80603 
-0.273232 -0.106014 
-0.719224 1.20086 
-1.09226 -0.405757 
-0.488889 0.938948 
-0.880961 -0.426909 
-0.471843 0.801966 
-0.255316 -0.0919684 
-0.921318 1.13629 
0.000859555 0.0977957 
0.644364 0.579073 
-1.23737 1.09018 
0.63163 0.496902 
-1.30842 0.905176 
1.02258 0.470576 
-1.31917 0.707038 
1.26399 0.518864 
-1.28619 0.773799 
1.23065 0.434742 
-1.32285 0.523221 
0.033779 0.31577 
-0.481057 -0.234492 
-0.238748 0.915857 
-1.41359 0.353836 
-0.408869 -0.0355202 
-0.451525 1.18152 
-1.4182 0.662253 
1.24191 0.41638 
-1.32384 0.469235 
-0.709541 -0.191352 
-0.326852 0.849024 
-1.1621 -0.335169 
-0.501613 0.995728 
-1.06826 -0.403884 
-0.482243 0.922219 
-0.833418 -0.419075 
-0.465407 0.778996 
-0.165125 -0.0195627 
0.887232 0.846336 
-0.93348 1.38826 
-1.18839 -0.353207 
-0.523219 1.01238 
-1.0519 -0.411334 
-0.481107 0.910223 
-0.781039 -0.405827 
-0.453423 0.759262 
-0.123929 0.0145373 
1.17667 0.595471 
-1.23923 0.953816 
0.966671 0.501275 
-1.30068 0.820632 
1.16212 0.415779 
-1.32959 0.475526 
-0.54826 -0.122394 
-0.242944 0.979911 
-1.40969 0.651996 
1.25726 0.44316 
-1.31893 0.554455 
0.436349 0.644609 
-1.23024 1.14997 
0.431352 0.401292 
-1.38251 0.443001 
-0.00707153 0.281723 
-0.108405 0.0463092 
1.10523 0.571753 
-1.25946 0.917686 
1.02784 0.474359 
-1.31759 0.71383 
1.26266 0.503889 
-1.29505 0.732384 
1.2596 0.496172 
-1.29953 0.709715 
1.26218 0.552681 
-1.26331 0.860985 
1.1222 0.432583 
-1.32989 0.542088 
0.418744 0.631818 
-1.25176 1.11059 
0.565517 0.469987 
-1.33785 0.809145 
1.15033 0.412616 
-1.33055 0.470502 
-0.597137 -0.14718 
-0.262232 0.923207 
-1.4078 0.27305 
-1.09238 -0.092986 
-0.425669 1.00321 
-1.30929 -0.139557 
-0.68725 1.10588 
-0.793347 -0.418633 
-0.461087 0.7611 
-0.0917714 0.0406391 
1.07934 0.578811 
-1.25259 0.943867 
0.98178 0.494262 
-1.30563 0.794051 
1.19538 0.413935 
-1.32735 0.461486 
-0.748854 -0.201611 
-0.345925 0.840802 
-1.06831 -0.394683 
-0.479604 0.923104 
-0.849928 -0.422056 
-0.467968 0.786537 
-0.192158 -0.0415316 
-0.371366 -0.0214761 
-0.639858 1.20257 
-1.30725 -0.165551 
-0.677299 1.10254 
-0.819817 -0.425032 
-0.466787 0.771444 
-0.116471 0.0201068 
1.16159 0.578645 
-1.25405 0.91766 
1.03009 0.474026 
-1.31779 0.711545 
1.26324 0.509436 
-1.29188 0.747892 
1.25166 0.467041 
-1.31283 0.623515 
1.06923 0.846364 
-0.950912 1.34651 
-0.987936 -0.449189 
-0.485217 0.864149 
-0.521947 -0.282965 
-0.282229 0.838538 
-1.25729 -0.220582 
-0.58115 1.07395 
-1.07759 -0.404531 
-0.484628 0.928697 
-0.852881 -0.422808 
-0.468489 0.787895 
-0.196713 -0.0452187 
-0.624444 -0.17137 
-0.281898 0.887548 
-1.35324 -0.00634693 
-0.881007 1.08572 
0.125244 0.200291 
-0.370019 -0.153399 
-0.27685 1.1127 
-1.32393 1.06984 
0.649627 0.49616 
-1.30644 0.906476 
1.02169 0.471224 
-1.31886 0.709333 
1.26363 0.51321 
-1.28964 0.758352 
1.24417 0.451663 
-1.31813 0.576289 
0.703435 0.808319 
-0.971377 1.39661 
-1.13682 -0.395585 
-0.5025 0.971675 
-0.967172 -0.428588 
-0.47692 0.852569 
-0.504144 -0.27145 
-0.265977 0.860761 
-1.33551 -0.0571073 
-0.788904 1.10793 
-0.353077 -0.179393 
-0.261954 1.10363 
-1.31732 1.08548 
0.610247 0.483369 
-1.32118 0.865053 
1.07988 0.442416 
-1.32916 0.593681 
0.966019 0.87065 
-0.910985 1.38771 
-1.23256 -0.30519 
-0.555846 1.04767 
-1.06801 -0.407107 
-0.483127 0.921771 
-0.827166 -0.4178 
-0.464304 0.776288 
-0.156445 -0.0124626 
1.05502 0.819242 
-0.985696 1.32486 
-0.793181 -0.431873 
-0.46714 0.758125 
-0.0428301 0.0807521 
0.85078 0.622201 
-1.19161 1.12957 
0.496488 0.440398 
-1.36641 0.665027 
1.26783 0.519881 
-1.28488 0.778126 
1.22657 0.431339 
-1.32365 0.512596 
-0.115489 0.188993 
0.773353 0.608783 
-1.20107 1.13029 
0.497016 0.440088 
-1.36642 0.664617 
1.26786 0.520948 
-1.28421 0.780997 
1.22367 0.429204 
-1.32414 0.505978 
-0.207478 0.113487 
1.17788 0.577362 
-1.25441 0.912223 
1.03971 0.469671 
-1.31988 0.693868 
1.26322 0.557122 
-1.25968 0.872424 
1.10542 0.43964 
-1.3291 0.571224 
0.763095 0.833745 
-0.93957 1.40628 
-1.23273 -0.307107 
-0.556301 1.04755 
-1.06589 -0.407987 
-0.482911 0.920207 
-0.820696 -0.41635 
-0.463058 0.773586 
-0.14859 -0.00601346 
1.13589 0.753412 
-1.07043 1.23609 
-0.114191 -0.002872 
1.18021 0.608588 
-1.22727 0.982287 
0.91051 0.518824 
-1.28573 0.894187 
1.05589 0.458286 
-1.32448 0.652743 
1.22049 0.701419 
-1.1241 1.1568 
0.342455 0.350486 
-1.34229 0.0703353 
-0.910496 1.07719 
0.259004 0.301974 
-1.1749 -0.27537 
-0.498835 1.01267 
-1.13943 -0.364374 
-0.49595 0.976403 
-1.01368 -0.420823 
-0.478406 0.883474 
-0.659817 -0.358545 
-0.397205 0.749055 
-0.382368 -0.185142 
-0.234676 1.06633 
-1.33054 1.04279 
0.716361 0.51207 
-1.28822 0.945204 
0.962498 0.497174 
-1.30292 0.812947 
1.17155 0.414091 
-1.32903 0.46745 
-0.657075 -0.173161 
-0.296902 0.87401 
-1.30371 -0.137619 
-0.674794 1.10504 
-0.842627 -0.429804 
-0.470686 0.781554 
-0.149993 -0.00746773 
1.12393 0.767288 
-1.05348 1.25541 
-0.25221 -0.113029 
-0.808129 1.18298 
-0.679086 -0.381447 
-0.417212 0.739989 
-0.220696 -0.0623482 
-1.2505 0.315481 
-0.992907 1.03961 
0.601841 0.502222 
-1.30953 0.910559 
1.0124 0.47492 
-1.31688 0.725025 
1.25812 0.478907 
-1.30759 0.660078 
1.20505 0.726663 
-1.0966 1.19445 
0.139031 0.201366 
-0.437382 -0.200356 
-0.220491 0.992718 
-1.38862 0.805852 
1.10383 0.421708 
-1.33245 0.520106 
0.14382 0.410003 
-1.20633 -0.251163 
-0.521864 1.03768 
-1.14913 -0.358772 
-0.499522 0.983911 
-1.02996 -0.416899 
-0.479251 0.894754 
-0.713206 -0.381954 
-0.427496 0.745981 
-0.19574 -0.042774 
-0.525641 -0.120996 
-0.23928 0.998978 
-1.39748 0.755818 
1.16151 0.400198 
-1.32987 0.429092 
-1.00938 -0.168706 
-0.403862 0.933445 
-1.18485 -0.32003 
-0.514001 1.01355 
-1.09024 -0.3947 
-0.485239 0.938477 
-0.895242 -0.428083 
-0.473012 0.809653 
-0.291075 -0.119856 
-0.56175 1.20457 
-1.4139 0.222183 
-1.18827 0.0879881 
-0.55217 1.10986 
-1.27685 -0.213315 
-0.61243 1.08518 
-1.00651 -0.428587 
-0.480108 0.87803 
-0.622693 -0.340235 
-0.370756 0.760279 
-0.587715 -0.31685 
-0.339213 0.782416 
-0.855576 -0.416268 
-0.465977 0.790392 
-0.224272 -0.0671747 
-1.25079 0.502038 
-1.07499 -0.11878 
-0.41921 0.985139 
-1.28332 -0.18985 
-0.625204 1.09124 
-0.982666 -0.433174 
-0.479531 0.862026 
-0.54096 -0.294349 
-0.299706 0.818077 
-1.15096 -0.342396 
-0.496761 0.986991 
-1.05275 -0.409536 
-0.480723 0.910962 
-0.786488 -0.407405 
-0.454953 0.76099 
-0.124854 0.0137175 
1.17818 0.59857 
-1.23641 0.960559 
0.953917 0.505874 
-1.29709 0.839398 
1.13682 0.422728 
-1.33057 0.506267 
-0.0950628 0.206217 
0.639513 0.571082 
-1.2456 1.07385 
0.678564 0.51051 
-1.29247 0.943209 
0.963817 0.49622 
-1.30355 0.809785 
1.17554 0.41364 
-1.32877 0.464963 
-0.690059 -0.185083 
-0.316069 0.856562 
-1.2163 -0.279469 
-0.535067 1.04022 
-1.11392 -0.383183 
-0.489882 0.956346 
-0.954287 -0.428942 
-0.476262 0.844478 
-0.463906 -0.24519 
-0.234285 0.918902 
-1.41537 0.391636 
0.0642544 0.343407 
-0.74384 -0.367699 
-0.427551 0.75881 
-0.265404 -0.0980847 
-0.81336 1.18121 
-0.648734 -0.367333 
-0.398168 0.744074 
-0.349939 -0.161406 
-0.290396 1.12517 
-1.32467 1.07001 
0.648542 0.49577 
-1.30688 0.905346 
1.02336 0.470426 
-1.31925 0.706144 
1.26409 0.521189 
-1.28474 0.780084 
1.22445 0.429685 
-1.32402 0.507471 
-0.186975 0.130052 
1.11788 0.560634 
-1.26833 0.887118 
1.07704 0.450852 
-1.3268 0.619216 
1.11107 0.824546 
-0.980109 1.31944 
-0.782123 -0.428334 
-0.464184 0.754232 
-0.0380282 0.084839 
0.823696 0.621037 
-1.19084 1.13686 
0.469921 0.42598 
-1.37559 0.586397 
1.18191 0.763835 
-1.05375 1.24492 
-0.196536 -0.0688387 
-1.10773 -0.103928 
-0.435228 1.0083 
-1.30035 -0.159106 
-0.663137 1.10156 
-0.875203 -0.434497 
-0.474534 0.797754 
-0.217347 -0.0619987 
-1.23974 0.22561 
-0.792532 1.12875 
-0.452308 -0.250132 
-0.230625 0.923699 
-1.41655 0.434025 
0.562243 0.732363 
-1.08409 1.32859 
-0.568658 -0.335698 
-0.340743 0.773835 
-0.808726 -0.406866 
-0.457549 0.770323 
-0.161236 -0.0160838 
0.977825 0.844192 
-0.946603 1.36478 
-1.07398 -0.426794 
-0.490186 0.924412 
-0.80641 -0.41324 
-0.460162 0.767883 
-0.133556 0.00638089 
1.18406 0.638411 
-1.19816 1.04365 
0.764568 0.530182 
-1.27221 0.977438 
0.9062 0.51513 
-1.28803 0.887849 
1.06526 0.453655 
-1.32605 0.634141 
1.17119 0.77289 
-1.04351 1.25665 
-0.282695 -0.136355 
-0.529332 1.20223 
-1.42702 0.379546 
0.190294 0.450913 
-1.33939 0.0270988 
-0.859264 1.09591 
-0.00333384 0.0969973 
0.663087 0.585981 
-1.22841 1.10405 
0.58896 0.481523 
-1.32616 0.852223 
1.09612 0.434377 
-1.33058 0.561214 
0.669405 0.79195 
-0.993623 1.38711 
-1.05203 -0.437231 
-0.488897 0.908328 
-0.733454 -0.390212 
-0.436832 0.748059 
-0.154983 -0.010154 
1.08131 0.803826 
-1.00666 1.30418 
-0.630978 -0.366565 
-0.390499 0.744367 
-0.394507 -0.193607 
-0.22488 1.04412 
-1.34505 0.994932 
0.817153 0.518894 
-1.28133 0.936428 
0.982955 0.490466 
-1.30783 0.783724 
1.20711 0.416305 
-1.32642 0.467246 
-0.696822 -0.187347 
-0.319851 0.853751 
-1.19762 -0.30083 
-0.520834 1.02478 
-1.10735 -0.386094 
-0.4883 0.951395 
-0.939489 -0.429492 
-0.475665 0.835351 
-0.41745 -0.213336 
-0.217051 0.998164 
-1.3817 0.842585 
1.05742 0.444426 
-1.329 0.613163 
1.09028 0.836897 
-0.963899 1.33436 
-0.898746 -0.451264 
-0.481986 0.808859 
-0.237247 -0.0781158 
-1.14324 0.901344 
1.07219 0.468652 
-1.3206 0.67155 
1.2472 0.636695 
-1.19041 1.04518 
0.759502 0.530271 
-1.27222 0.978819 
0.903292 0.515771 
-1.28741 0.890861 
1.06056 0.455911 
-1.32531 0.643296 
1.19843 0.738139 
-1.08359 1.21066 
0.0391555 0.121918 
0.394027 0.443764 
-1.38355 0.529422 
0.948511 0.872824 
-0.906269 1.39327 
-1.25766 -0.272259 
-0.584029 1.06717 
-1.04046 -0.418485 
-0.481301 0.901757 
-0.738175 -0.391615 
-0.438603 0.748925 
-0.149837 -0.00603361 
1.13055 0.759876 
-1.06258 1.24516 
-0.177921 -0.0542546 
-0.27295 0.0516068 
-0.257736 0.0641281 
0.549697 0.710399 
-1.11382 1.299 
-0.356076 -0.194925 
-0.242773 1.08396 
-1.31877 1.07807 
0.630556 0.490434 
-1.31316 0.888734 
1.04723 0.4587 
-1.32431 0.659268 
1.23327 0.674631 
-1.15239 1.11345 
0.533315 0.461584 
-1.34922 0.763569 
1.20098 0.407282 
-1.32704 0.440571 
-0.951222 -0.196069 
-0.396529 0.895727 
-1.08261 -0.391335 
-0.482192 0.933415 
-0.885851 -0.427098 
-0.472171 0.804602 
-0.267978 -0.101899 
-0.774146 1.19132 
-0.854986 -0.436633 
-0.474309 0.786736 
-0.158331 -0.0144031 
1.0234 0.832661 
-0.965943 1.3443 
-0.938356 -0.453107 
-0.484008 0.83231 
-0.355026 -0.16865 
-0.273514 1.11265 
-1.31998 1.08024 
0.623357 0.487872 
-1.31603 0.88049 
1.0588 0.452922 
-1.32633 0.636065 
1.17871 0.764233 
-1.05365 1.24557 
-0.200199 -0.071769 
-1.18386 0.0248561 
-0.517627 1.08911 
-1.3043 -0.15944 
-0.67174 1.10257 
-0.843718 -0.429873 
-0.470792 0.782087 
-0.152314 -0.00936269 
1.10272 0.78757 
-1.02779 1.2827 
-0.460988 -0.265597 
-0.239926 0.899509 
-1.40585 0.263933 
-1.13913 -0.0251622 
-0.459657 1.05099 
-1.33852 -0.0735051 
-0.78981 1.10659 
-0.341747 -0.170999 
-0.286822 1.12407 
-1.32183 1.07753 
0.629654 0.489893 
-1.31366 0.887162 
1.04949 0.457584 
-1.32473 0.654776 
1.2253 0.691969 
-1.13421 1.14195 
0.412739 0.395569 
-1.38237 0.389324 
-0.65673 -0.171957 
-0.296317 0.875008 
-1.30688 -0.130739 
-0.68372 1.10647 
-0.81145 -0.423291 
-0.465212 0.767965 
-0.106278 0.0285392 
1.13187 0.570569 
-1.26087 0.906008 
1.04802 0.465088 
-1.32187 0.67628 
1.25363 0.614289 
-1.21149 1.00081 
0.871163 0.527518 
-1.27701 0.933437 
0.990809 0.487901 
-1.30959 0.772355 
1.21963 0.42163 
-1.32519 0.482953 
-0.519104 -0.106291 
-0.241799 1.01972 
-1.38428 0.835942 
1.0646 0.44061 
-1.32997 0.597886 
1.0021 0.866675 
-0.919727 1.3767 
-1.17958 -0.360139 
-0.518338 1.00547 
-1.04318 -0.413979 
-0.480374 0.904002 
-0.753986 -0.397145 
-0.444632 0.752042 
-0.133345 0.00718729 
1.18422 0.635352 
-1.20122 1.03756 
0.780914 0.531321 
-1.2712 0.975675 
0.910358 0.514286 
-1.28888 0.883671 
1.07173 0.45056 
-1.32698 0.621562 
1.12303 0.816394 
-0.990539 1.30972 
-0.704038 -0.400166 
-0.434961 0.737079 
-0.105935 0.0300607 
1.1287 0.570461 
-1.26094 0.90672 
1.04673 0.465665 
-1.32163 0.678645 
1.25559 0.606041 
-1.21897 0.983654 
0.908886 0.520035 
-1.28475 0.897851 
1.05019 0.461044 
-1.32345 0.663865 
1.23975 0.658567 
-1.1688 1.08557 
0.635207 0.503019 
-1.30346 0.920958 
0.998066 0.481759 
-1.31311 0.752001 
1.23915 0.438421 
-1.32152 0.535524 
0.199724 0.457046 
-1.35331 0.0815502 
-0.964064 1.04639 
0.522759 0.467708 
-1.34828 0.77313 
1.18983 0.406068 
-1.32785 0.438742 
-0.957476 -0.193823 
-0.397269 0.899392 
-1.0932 -0.386149 
-0.483758 0.941364 
-0.914833 -0.429127 
-0.474347 0.820744 
-0.344654 -0.16056 
-0.299351 1.13136 
-1.32782 1.0628 
0.665747 0.500551 
-1.3013 0.918908 
1.00318 0.479891 
-1.31422 0.743939 
1.24586 0.448293 
-1.31888 0.566515 
0.594921 0.750469 
-1.05483 1.35075 
-0.74572 -0.419413 
-0.454264 0.742789 
-0.0307728 0.0912407 
0.780466 0.616096 
-1.19389 1.14117 
0.455327 0.417522 
-1.37934 0.537592 
0.966607 0.872153 
-0.909093 1.38867 
-1.23912 -0.29701 
-0.562391 1.05284 
-1.06407 -0.40905 
-0.482834 0.918857 
-0.814616 -0.414927 
-0.461813 0.771132 
-0.142106 -0.000672661 
1.16925 0.697719 
-1.13522 1.15121 
0.376934 0.372786 
-1.37118 0.232442 
-1.21626 0.610572 
0.186378 0.444427 
-1.32797 -0.0106566 
-0.793377 1.11045 
-0.347694 -0.175575 
-0.272694 1.11325 
-1.31827 1.0848 
0.611497 0.483757 
-1.32071 0.866465 
1.07798 0.443352 
-1.32895 0.597469 
0.992452 0.868093 
-0.917024 1.37989 
-1.1959 -0.345075 
-0.527417 1.01847 
-1.0599 -0.408659 
-0.481856 0.915993 
-0.805479 -0.412621 
-0.459775 0.767618 
-0.134248 0.005831 
1.18377 0.642391 
-1.19414 1.05148 
0.742825 0.527794 
-1.27463 0.976825 
0.906341 0.514843 
-1.28824 0.8871 
1.06639 0.453105 
-1.32622 0.631918 
1.16363 0.78103 
-1.03387 1.26687 
-0.361146 -0.195229 
-0.238976 1.07814 
-1.32145 1.07 
0.651238 0.496847 
-1.30576 0.908368 
1.01886 0.472567 
-1.31819 0.714706 
1.26231 0.500544 
-1.29689 0.722961 
1.26216 0.517743 
-1.28719 0.770064 
1.23409 0.438126 
-1.32199 0.533833 
0.181614 0.441832 
-1.31972 -0.0355854 
-0.753821 1.11398 
-0.540988 -0.305583 
-0.30636 0.80835 
-1.09602 -0.37901 
-0.48268 0.944048 
-0.9315 -0.429308 
-0.475203 0.830559 
-0.393774 -0.196525 
-0.223657 1.04166 
-1.34643 0.990022 
0.826634 0.518381 
-1.28196 0.931725 
0.991387 0.487081 
-1.31006 0.769894 
1.22216 0.423112 
-1.32488 0.487502 
-0.462479 -0.0722189 
-0.287028 1.1047 
-1.3451 1.00712 
0.789528 0.518825 
-1.28101 0.945468 
0.965972 0.496787 
-1.30333 0.80991 
1.17552 0.413677 
-1.32877 0.465082 
-0.688682 -0.184622 
-0.315295 0.85716 
-1.22007 -0.274844 
-0.538376 1.04334 
-1.11377 -0.383476 
-0.489902 0.956213 
-0.953634 -0.428983 
-0.47624 0.84407 
-0.461811 -0.243787 
-0.232933 0.922226 
-1.41617 0.415168 
0.353633 0.583744 
-1.32741 0.919889 
0.982278 0.485174 
-1.31069 0.770628 
1.22093 0.42221 
-1.32505 0.484735 
-0.49749 -0.0936778 
-0.249715 1.0514 
-1.36281 0.935389 
0.920903 0.501423 
-1.29805 0.847333 
1.12412 0.426961 
-1.33071 0.524715 
0.183474 0.443527 
-1.32388 -0.0233092 
-0.772897 1.11267 
-0.449321 -0.247312 
-0.228571 0.929464 
-1.41688 0.473031 
0.90376 0.871466 
-0.902957 1.40248 
-1.28815 -0.225041 
-0.632279 1.08876 
-0.943653 -0.436586 
-0.478385 0.837136 
-0.412312 -0.209834 
-0.217321 1.00736 
-1.37413 0.879506 
1.00719 0.468809 
-1.31957 0.712125 
1.2629 0.504463 
-1.29471 0.734066 
1.25895 0.492654 
-1.30134 0.69958 
1.25878 0.583411 
-1.2389 0.933846 
1.00543 0.486454 
-1.31094 0.759571 
1.23282 0.431661 
-1.32311 0.514196 
-0.100021 0.201942 
0.673854 0.583639 
-1.22954 1.09932 
0.603916 0.487374 
-1.31958 0.873351 
1.06777 0.44825 
-1.32773 0.617472 
1.10656 0.827468 
-0.976296 1.32293 
-0.810103 -0.436146 
-0.470794 0.764823 
-0.0589151 0.0673242 
0.934925 0.61604 
-1.20601 1.08477 
0.647885 0.504577 
-1.30054 0.926763 
0.989461 0.485616 
-1.31076 0.767323 
1.22461 0.424666 
-1.32455 0.492318 
-0.400491 -0.0314003 
-0.489128 1.18954 
-1.42747 0.517474 
1.19275 0.754156 
-1.06447 1.23223 
-0.106951 0.00329934 
1.16793 0.586165 
-1.24761 0.933926 
1.00247 0.486652 
-1.31073 0.761951 
1.23046 0.429436 
-1.32358 0.507204 
-0.198219 0.12094 
1.1546 0.561881 
-1.26734 0.879393 
1.09041 0.44501 
-1.32821 0.594925 
0.968636 0.870465 
-0.911493 1.387 
-1.2294 -0.308981 
-0.552867 1.04517 
-1.06923 -0.40644 
-0.4832 0.922674 
-0.831095 -0.418639 
-0.465019 0.777975 
-0.161697 -0.0167627 
0.965507 0.845946 
-0.943006 1.36914 
-1.09943 -0.415246 
-0.493663 0.943309 
-0.879457 -0.426972 
-0.471787 0.801143 
-0.251101 -0.0886515 
-0.973986 1.10255 
0.31187 0.33717 
-1.30592 -0.0513869 
-0.708779 1.11463 
-0.743759 -0.403601 
-0.445902 0.746785 
-0.097912 0.036209 
1.1014 0.573618 
-1.25786 0.923385 
1.01816 0.4788 
-1.31526 0.731665 
1.25468 0.46788 
-1.3122 0.62691 
1.08566 0.838602 
-0.961457 1.33665 
-0.915999 -0.452259 
-0.482928 0.818863 
-0.287022 -0.117127 
-0.591905 1.20626 
-1.38865 0.0760863 
-1.09935 0.905588 
1.05227 0.482444 
-1.3144 0.720544 
1.26086 0.493086 
-1.30086 0.701505 
1.25963 0.577669 
-1.24368 0.920729 
1.02828 0.476093 
-1.31681 0.718181 
1.26132 0.494537 
-1.30009 0.705766 
1.2612 0.564628 
-1.25417 0.890093 
1.07833 0.452124 
-1.32639 0.622033 
1.12281 0.81651 
-0.990358 1.30985 
-0.705215 -0.400653 
-0.435535 0.737171 
-0.103281 0.032219 
1.11977 0.570908 
-1.26048 0.910634 
1.04003 0.468772 
-1.32027 0.691239 
1.26249 0.564871 
-1.2537 0.89115 
1.07673 0.452908 
-1.32617 0.625183 
1.13614 0.806311 
-1.00314 1.29766 
-0.606626 -0.353508 
-0.371474 0.753801 
-0.549987 -0.295234 
-0.30541 0.813076 
-1.1156 -0.367654 
-0.486496 0.95908 
-0.98016 -0.426295 
-0.477052 0.861053 
-0.548986 -0.29905 
-0.307089 0.81028 
-1.10016 -0.376803 
-0.483412 0.947196 
-0.942249 -0.429146 
-0.475683 0.837066 
-0.426711 -0.219805 
-0.217872 0.981574 
-1.3946 0.768066 
1.14888 0.40385 
-1.33088 0.444947 
-0.870777 -0.212042 
-0.38438 0.857869 
-0.982922 -0.420495 
-0.475335 0.863397 
-0.570614 -0.31161 
-0.32682 0.791554 
-0.951077 -0.420656 
-0.473184 0.843405 
-0.474808 -0.2523 
-0.241867 0.902161 
-1.40636 0.267741 
-1.1234 -0.0510092 
-0.445009 1.03405 
-1.33326 -0.085476 
-0.768432 1.10866 
-0.446978 -0.245537 
-0.227143 0.933561 
-1.41665 0.50036 
1.06484 0.852433 
-0.942686 1.35234 
-1.03375 -0.439746 
-0.486849 0.895502 
-0.678584 -0.367554 
-0.409109 0.746195 
-0.300031 -0.124162 
-0.507928 1.19863 
-1.42865 0.471105 
1.01714 0.867335 
-0.920135 1.37392 
-1.16931 -0.368775 
-0.513477 0.997346 
-1.02953 -0.417788 
-0.479462 0.894384 
-0.710273 -0.380779 
-0.426076 0.745795 
-0.202667 -0.0482832 
-0.865782 -0.227149 
-0.389164 0.849907 
-0.928744 -0.424602 
-0.473363 0.82947 
-0.39798 -0.19945 
-0.221459 1.03396 
-1.35235 0.968788 
0.865866 0.513997 
-1.28666 0.905092 
1.0366 0.467031 
-1.32095 0.688669 
1.2617 0.571839 
-1.24815 0.907638 
1.05024 0.465672 
-1.32166 0.676505 
1.25367 0.614073 
-1.21169 1.00036 
0.87218 0.52736 
-1.27718 0.932616 
0.992249 0.487306 
-1.30997 0.76994 
1.22215 0.423127 
-1.32488 0.487549 
-0.461799 -0.0717914 
-0.288184 1.10567 
-1.34528 1.0068 
0.790104 0.518828 
-1.28101 0.9453 
0.966293 0.496673 
-1.30342 0.809433 
1.17612 0.413623 
-1.32873 0.464749 
-0.693106 -0.186094 
-0.317773 0.855277 
-1.20793 -0.289328 
-0.528268 1.03331 
-1.11241 -0.383656 
-0.489448 0.955222 
-0.951267 -0.429094 
-0.476146 0.842596 
-0.454309 -0.238738 
-0.228442 0.934356 
-1.41674 0.498076 
1.05407 0.856471 
-0.936918 1.35777 
-1.07029 -0.427686 
-0.489627 0.921753 
-0.796207 -0.410531 
-0.457706 0.764174 
-0.126952 0.0118869 
1.18102 0.606426 
-1.2292 0.977533 
0.920339 0.51628 
-1.28814 0.883065 
1.07317 0.449994 
-1.32713 0.619105 
1.11195 0.824006 
-0.980649 1.31874 
-0.777379 -0.426926 
-0.462907 0.752629 
-0.0363917 0.0862431 
0.81423 0.620272 
-1.19105 1.13858 
0.463739 0.422489 
-1.37731 0.566374 
1.11449 0.824685 
-0.979862 1.31903 
-0.780955 -0.427999 
-0.463884 0.753833 
-0.0375236 0.085268 
0.8208 0.620823 
-1.19087 1.13743 
0.467851 0.424818 
-1.37618 0.57977 
1.16238 0.785429 
-1.02833 1.27204 
-0.402934 -0.225299 
-0.21437 0.999672 
-1.37825 0.859232 
1.0354 0.455392 
-1.32548 0.657682 
1.23219 0.677243 
-1.14967 1.11786 
0.515833 0.453044 
-1.35717 0.723424 
1.23867 0.427571 
-1.32316 0.502679 
-0.272856 0.0619271 
0.0568409 0.325968 
-0.635504 -0.322416 
-0.36577 0.770111 
-0.664731 -0.355957 
-0.397522 0.750636 
-0.389149 -0.190047 
-0.228531 1.05373 
-1.3383 1.01776 
0.771128 0.518493 
-1.28133 0.949851 
0.957338 0.499733 
-1.3011 0.822344 
1.15938 0.416226 
-1.32974 0.477822 
-0.515846 -0.104342 
-0.242448 1.02449 
-1.38089 0.853523 
1.04142 0.45218 
-1.32663 0.644967 
1.20614 0.726509 
-1.0966 1.19425 
0.139955 0.202094 
-0.44482 -0.205374 
-0.221458 0.979935 
-1.39801 0.745844 
1.17359 0.398046 
-1.32884 0.418604 
-1.08289 -0.107651 
-0.421845 0.993141 
-1.29565 -0.167061 
-0.651921 1.09914 
-0.910483 -0.437145 
-0.477133 0.817253 
-0.310113 -0.134623 
-0.437247 1.18543 
-1.40792 0.748481 
1.15827 0.399127 
-1.33009 0.427079 
-1.02112 -0.1612 
-0.405735 0.941996 
-1.20491 -0.299354 
-0.526993 1.02996 
-1.10469 -0.387951 
-0.487889 0.949328 
-0.932171 -0.429582 
-0.475334 0.830929 
-0.395079 -0.197465 
-0.222908 1.03923 
-1.34826 0.983574 
0.838827 0.517409 
-1.28307 0.924686 
1.00372 0.481898 
-1.31324 0.748833 
1.24203 0.442387 
-1.32052 0.547994 
0.36757 0.592899 
-1.31323 0.964049 
0.909246 0.510013 
-1.29175 0.874213 
1.08555 0.443877 
-1.32862 0.594492 
0.968314 0.870494 
-0.911434 1.38709 
-1.22982 -0.30849 
-0.553253 1.04549 
-1.06909 -0.40652 
-0.483192 0.922568 
-0.830633 -0.418542 
-0.464936 0.777774 
-0.161061 -0.0162423 
0.978198 0.844114 
-0.946741 1.36462 
-1.07302 -0.42718 
-0.490083 0.923714 
-0.80353 -0.412496 
-0.459492 0.766808 
-0.131411 0.00816322 
1.18417 0.626694 
-1.20981 1.02003 
0.825484 0.531434 
-1.27192 0.961266 
0.939521 0.50645 
-1.29586 0.849052 
1.12288 0.427734 
-1.33065 0.527587 
0.224797 0.47812 
-1.38157 0.246569 
-1.23585 0.413382 
-1.18337 0.7548 
1.25393 0.563676 
-1.25638 0.885366 
1.0854 0.448674 
-1.32729 0.608186 
1.05301 0.853297 
-0.941223 1.3553 
-1.04965 -0.435154 
-0.487864 0.906814 
-0.730974 -0.389239 
-0.435759 0.747713 
-0.159071 -0.0134369 
1.02456 0.832292 
-0.966498 1.34373 
-0.934348 -0.453123 
-0.483868 0.829849 
-0.342271 -0.159166 
-0.305422 1.13516 
-1.3304 1.0564 
0.680797 0.504318 
-1.29692 0.928629 
0.988356 0.486493 
-1.31025 0.77026 
1.22162 0.422732 
-1.32495 0.486336 
-0.47733 -0.0814728 
-0.266655 1.08199 
-1.34817 0.992748 
0.818933 0.518527 
-1.28165 0.934947 
0.985557 0.48942 
-1.30853 0.779468 
1.21188 0.417952 
-1.32599 0.471936 
-0.647324 -0.169359 
-0.291113 0.8804 
-1.32681 -0.0833257 
-0.750754 1.1105 
-0.535752 -0.302281 
-0.301326 0.813703 
-1.1315 -0.356934 
-0.490456 0.971527 
-1.01566 -0.420066 
-0.478396 0.884862 
-0.667028 -0.36192 
-0.401835 0.747798 
-0.349595 -0.161299 
-0.291051 1.12566 
-1.32491 1.06962 
0.649413 0.496018 
-1.30659 0.906074 
1.02229 0.470939 
-1.319 0.708195 
1.26382 0.516018 
-1.28795 0.76605 
1.23776 0.442401 
-1.32091 0.547221 
0.361991 0.588587 
-1.31952 0.944977 
0.941991 0.50032 
-1.29988 0.832735 
1.14497 0.41987 
-1.33039 0.49427 
-0.276117 0.0595212 
-0.122046 0.174104 
0.840206 0.615653 
-1.19734 1.12196 
0.52511 0.454705 
-1.35443 0.736555 
1.22761 0.417928 
-1.32483 0.472075 
-0.662232 -0.17522 
-0.300037 0.870702 
-1.2903 -0.165076 
-0.641329 1.09757 
-0.946404 -0.43695 
-0.478647 0.838789 
-0.419918 -0.215187 
-0.217097 0.993578 
-1.38538 0.823078 
1.08255 0.431916 
-1.33157 0.562074 
0.690638 0.80251 
-0.979149 1.39359 
-1.10914 -0.412332 
-0.496005 0.950471 
-0.901664 -0.42907 
-0.473705 0.813179 
-0.306632 -0.131828 
-0.457359 1.18992 
-1.41709 0.676945 
1.22943 0.405603 
-1.32494 0.434662 
-1.01563 -0.164963 
-0.404883 0.937882 
-1.195 -0.309825 
-0.52015 1.02184 
-1.09902 -0.390591 
-0.486756 0.945063 
-0.918192 -0.429379 
-0.474595 0.822676 
-0.353973 -0.167481 
-0.276335 1.11493 
-1.32054 1.07919 
0.62592 0.488717 
-1.31503 0.883302 
1.0549 0.454879 
-1.32568 0.643926 
1.20111 0.734205 
-1.08801 1.20517 
0.0737152 0.149684 
0.112978 0.232892 
-0.464888 -0.220129 
-0.228499 0.945136 
-1.41543 0.551049 
1.22607 0.70052 
-1.124 1.15588 
0.346125 0.352975 
-1.34648 0.0882154 
-0.945552 1.05882 
0.432636 0.418227 
-1.38191 0.50525 
0.726723 0.820128 
-0.956146 1.40244 
-1.18841 -0.354711 
-0.523546 1.01224 
-1.05012 -0.411968 
-0.48097 0.908948 
-0.775454 -0.404135 
-0.451766 0.757585 
-0.123975 0.0145676 
1.17669 0.595497 
-1.2392 0.953872 
0.966569 0.501314 
-1.30065 0.820788 
1.16192 0.41582 
-1.3296 0.475719 
-0.545578 -0.120947 
-0.242411 0.983412 
-1.4079 0.670883 
1.24426 0.421792 
-1.32329 0.486201 
-0.504949 -0.0981144 
-0.245898 1.0403 
-1.36988 0.905324 
0.967946 0.485354 
-1.30994 0.779907 
1.21045 0.417118 
-1.32614 0.469491 
-0.67448 -0.179726 
-0.307182 0.863942 
-1.25853 -0.220917 
-0.58299 1.07458 
-1.07342 -0.406427 
-0.484163 0.92561 
-0.840526 -0.420572 
-0.46664 0.782147 
-0.175492 -0.028017 
0.531995 0.6983 
-1.13321 1.27934 
-0.221951 -0.0925275 
-1.15749 0.873651 
1.12308 0.446431 
-1.32689 0.581795 
0.846715 0.859278 
-0.91274 1.40708 
-1.28324 -0.234059 
-0.623219 1.08545 
-0.965424 -0.434917 
-0.478971 0.85085 
-0.483789 -0.258427 
-0.248868 0.888632 
-1.3919 0.163052 
-1.20253 0.666815 
0.920085 0.86729 
-0.910176 1.39581 
-1.25749 -0.272815 
-0.58383 1.067 
-1.04053 -0.418454 
-0.481302 0.901805 
-0.738415 -0.391703 
-0.438701 0.748965 
-0.149514 -0.00577426 
1.13296 0.75702 
-1.06606 1.24117 
-0.149624 -0.0315206 
0.95255 0.84701 
-0.940183 1.3731 
-1.12087 -0.403571 
-0.497883 0.95956 
-0.934099 -0.430068 
-0.475602 0.832031 
-0.399633 -0.20073 
-0.220679 1.03078 
-1.35484 0.959501 
0.88224 0.511082 
-1.28951 0.890525 
1.05988 0.455948 
-1.3253 0.643815 
1.19987 0.736016 
-1.08598 1.2077 
0.0578598 0.136974 
0.244882 0.336732 
-1.22599 -0.214601 
-0.5398 1.05622 
-1.15395 -0.356259 
-0.501549 0.987612 
-1.03686 -0.415013 
-0.479679 0.899593 
-0.7354 -0.390524 
-0.437429 0.748498 
-0.154041 -0.00941093 
1.09193 0.796235 
-1.01669 1.2941 
-0.550869 -0.322359 
-0.322353 0.790211 
-0.964491 -0.419384 
-0.473597 0.851848 
-0.518151 -0.280127 
-0.278491 0.843452 
-1.27743 -0.18675 
-0.614793 1.08917 
-1.01409 -0.427114 
-0.480447 0.883204 
-0.647906 -0.352916 
-0.389236 0.751724 
-0.441237 -0.226296 
-0.221711 0.960155 
-1.4085 0.65416 
1.25666 0.44222 
-1.31919 0.551429 
0.397599 0.615821 
-1.2778 1.05574 
0.71794 0.516819 
-1.28446 0.955927 
0.943759 0.503768 
-1.29782 0.840131 
1.13524 0.42313 
-1.33062 0.508172 
-0.0657103 0.230988 
0.417937 0.453979 
-1.37751 0.605859 
1.23387 0.679925 
-1.14625 1.12272 
0.495771 0.442802 
-1.36564 0.671881 
1.26688 0.504036 
-1.29429 0.734519 
1.25882 0.492197 
-1.30158 0.698248 
1.25809 0.587677 
-1.2353 0.943441 
0.988112 0.493818 
-1.30621 0.789088 
1.20141 0.414989 
-1.32688 0.463834 
-0.729238 -0.196835 
-0.336742 0.844009 
-1.11282 -0.371375 
-0.486403 0.956725 
-0.970563 -0.427418 
-0.476746 0.854829 
-0.517255 -0.279698 
-0.277744 0.8444 
-1.2812 -0.179893 
-0.622161 1.09182 
-0.99695 -0.430865 
-0.479934 0.871529 
-0.589391 -0.322386 
-0.343494 0.77796 
-0.81475 -0.408447 
-0.45894 0.772596 
-0.165932 -0.019955 
0.869875 0.844224 
-0.934314 1.39075 
-1.19457 -0.347441 
-0.52682 1.01729 
-1.05756 -0.409498 
-0.481636 0.914296 
-0.79831 -0.410734 
-0.458063 0.765004 
-0.129497 0.00978809 
1.18331 0.617272 
-1.21896 1.00056 
0.871042 0.526815 
-1.27753 0.931916 
0.993371 0.486814 
-1.31029 0.767984 
1.22416 0.424438 
-1.32461 0.491602 
-0.409718 -0.0376877 
-0.442831 1.17943 
-1.4148 0.693169 
1.21538 0.398734 
-1.3257 0.413405 
-1.12968 -0.045873 
-0.450032 1.03912 
-1.33371 -0.0849487 
-0.769978 1.10852 
-0.439368 -0.240387 
-0.223158 0.946319 
-1.41377 0.581701 
1.26249 0.601067 
-1.22203 0.974959 
0.927139 0.51528 
-1.28923 0.877015 
1.0825 0.445595 
-1.32824 0.601153 
1.01347 0.864452 
-0.923658 1.37254 
-1.15669 -0.378835 
-0.508358 0.987389 
-1.00922 -0.422476 
-0.478436 0.880363 
-0.643539 -0.35069 
-0.386129 0.752973 
-0.465177 -0.24234 
-0.234025 0.920841 
-1.41581 0.402792 
0.204669 0.462759 
-1.36181 0.120486 
-1.04434 0.978699 
0.853598 0.544407 
-1.26281 0.978192 
0.908711 0.515552 
-1.28789 0.887513 
1.0659 0.453376 
-1.32613 0.632971 
1.16725 0.777206 
-1.03841 1.26209 
-0.324186 -0.167806 
-0.320218 1.14499 
-1.33595 1.04252 
0.712159 0.51081 
-1.28944 0.942707 
0.966563 0.495601 
-1.30406 0.806594 
1.17961 0.413349 
-1.3285 0.463008 
-0.716279 -0.193237 
-0.330214 0.847242 
-1.14562 -0.348635 
-0.495333 0.982491 
-1.04055 -0.413533 
-0.479809 0.902238 
-0.747972 -0.395053 
-0.442407 0.750763 
-0.138721 0.00288409 
1.1791 0.669033 
-1.16653 1.10165 
0.581925 0.482796 
-1.32668 0.852517 
1.09525 0.434689 
-1.33054 0.562608 
0.68491 0.799705 
-0.982931 1.39197 
-1.09476 -0.419773 
-0.493548 0.939652 
-0.863035 -0.424827 
-0.469983 0.792768 
-0.215135 -0.0600484 
-1.21916 0.128322 
-0.632263 1.12851 
-1.10624 -0.393437 
-0.489884 0.949938 
-0.926204 -0.429676 
-0.475081 0.827361 
-0.376897 -0.184332 
-0.238282 1.07301 
-1.32683 1.05451 
0.688953 0.506602 
-1.29444 0.934059 
0.979856 0.490102 
-1.30788 0.78469 
1.20588 0.415904 
-1.32653 0.466138 
-0.708022 -0.190841 
-0.325909 0.849734 
-1.16731 -0.3306 
-0.503908 0.999951 
-1.07586 -0.400796 
-0.483136 0.927809 
-0.85562 -0.423188 
-0.468833 0.789221 
-0.202068 -0.049536 
-0.87858 -0.22646 
-0.391622 0.854644 
-0.938459 -0.424593 
-0.473863 0.835281 
-0.426921 -0.219877 
-0.21791 0.981285 
-1.39482 0.766637 
1.15052 0.403354 
-1.33076 0.442787 
-0.891779 -0.209907 
-0.388222 0.866038 
-1.00039 -0.417755 
-0.476004 0.874989 
-0.628162 -0.342872 
-0.374825 0.758192 
-0.554853 -0.298248 
-0.309957 0.808393 
-1.08326 -0.385726 
-0.480805 0.934405 
-0.896592 -0.427971 
-0.473034 0.810422 
-0.295188 -0.123025 
-0.531411 1.20169 
-1.42636 0.365647 
0.0182168 0.304159 
-0.348637 -0.142609 
-0.325195 1.1446 
-1.34214 1.02405 
0.752381 0.5164 
-1.2833 0.949472 
0.957018 0.499617 
-1.30115 0.822245 
1.15949 0.416196 
-1.32974 0.477696 
-0.51759 -0.105344 
-0.242088 1.02198 
-1.38268 0.844339 
1.05362 0.446105 
-1.32854 0.620274 
1.12361 0.81605 
-0.990973 1.30929 
-0.700664 -0.398749 
-0.433288 0.736848 
-0.113977 0.0235232 
1.1532 0.574298 
-1.25776 0.909207 
1.0437 0.467444 
-1.32087 0.685362 
1.25996 0.58361 
-1.23847 0.934696 
1.00395 0.487116 
-1.31056 0.762223 
1.23027 0.429302 
-1.32361 0.50678 
-0.204083 0.116211 
1.17031 0.569785 
-1.2608 0.895348 
1.06655 0.456614 
-1.32504 0.641604 
1.19279 0.746095 
-1.07457 1.22157 
-0.0320629 0.0641733 
0.862949 0.62327 
-1.19156 1.12696 
0.505734 0.445248 
-1.36267 0.689853 
1.26082 0.470392 
-1.31057 0.636388 
1.12728 0.812483 
-0.995502 1.30519 
-0.666958 -0.383782 
-0.414528 0.737411 
-0.221696 -0.0630381 
-1.25287 0.355023 
-1.09085 0.935778 
0.987008 0.50993 
-1.29656 0.829954 
1.15124 0.418716 
-1.33009 0.488287 
-0.366934 -0.0078752 
-0.729593 1.19557 
-1.03687 -0.427489 
-0.483507 0.898574 
-0.711182 -0.381325 
-0.426616 0.745779 
-0.199555 -0.0458062 
-0.72389 -0.207974 
-0.339978 0.836976 
-1.07636 -0.390795 
-0.480426 0.929093 
-0.874003 -0.425689 
-0.47098 0.798409 
-0.240563 -0.0803052 
-1.10676 0.962368 
0.936423 0.52444 
-1.28348 0.893405 
1.0585 0.457374 
-1.32481 0.648616 
1.21145 0.717645 
-1.10642 1.18135 
0.21397 0.258838 
-0.949068 -0.389254 
-0.462015 0.84628 
-0.550487 -0.299317 
-0.308106 0.809387 
-1.09344 -0.380488 
-0.482285 0.942079 
-0.92446 -0.429279 
-0.474854 0.826375 
-0.37273 -0.181287 
-0.243484 1.08073 
-1.32357 1.06481 
0.663843 0.500361 
-1.30165 0.918301 
1.00404 0.479488 
-1.31445 0.742341 
1.24709 0.450452 
-1.31826 0.573247 
0.669585 0.791805 
-0.993816 1.38694 
-1.05105 -0.437525 
-0.488817 0.907626 
-0.730324 -0.389036 
-0.435503 0.747608 
-0.159924 -0.01412 
1.0104 0.836839 
-0.959356 1.35093 
-0.984831 -0.450004 
-0.485271 0.862058 
-0.510394 -0.275747 
-0.271717 0.852463 
-1.31032 -0.120378 
-0.694632 1.10811 
-0.772402 -0.412694 
-0.45541 0.754184 
-0.0855689 0.0459801 
1.05402 0.586004 
-1.24505 0.970522 
0.931047 0.511796 
-1.29183 0.86662 
1.09777 0.438472 
-1.32963 0.572063 
0.777184 0.838916 
-0.933606 1.40736 
-1.24696 -0.288861 
-0.571164 1.05872 
-1.05478 -0.413019 
-0.482142 0.912069 
-0.785051 -0.407053 
-0.454585 0.760511 
-0.124306 0.0141808 
1.17732 0.59675 
-1.23807 0.956602 
0.961439 0.503202 
-1.2992 0.828471 
1.15171 0.418204 
-1.3301 0.486581 
-0.390773 -0.0246164 
-0.546557 1.19785 
-1.41848 0.26433 
-1.01751 -0.160106 
-0.404344 0.940313 
-1.20396 -0.300426 
-0.526308 1.02917 
-1.10422 -0.388166 
-0.487791 0.948977 
-0.931046 -0.429583 
-0.47528 0.830256 
-0.391688 -0.195031 
-0.224957 1.04553 
-1.34358 0.999845 
0.807575 0.519209 
-1.2809 0.940519 
0.975469 0.493352 
-1.30583 0.795579 
1.19326 0.413616 
-1.32752 0.46086 
-0.753496 -0.202629 
-0.347974 0.840322 
-1.05883 -0.398646 
-0.478702 0.916159 
-0.821253 -0.416284 
-0.463084 0.773854 
-0.14991 -0.00709083 
1.12591 0.765145 
-1.05611 1.25246 
-0.230635 -0.0961184 
-1.07419 1.00695 
0.804727 0.542996 
-1.26199 0.993548 
0.875911 0.521885 
-1.28146 0.918494 
1.0158 0.47694 
-1.31608 0.728232 
1.25655 0.473467 
-1.30994 0.643802 
1.1571 0.7867 
-1.02716 1.27397 
-0.416231 -0.234672 
-0.215833 0.975378 
-1.39727 0.749138 
1.1703 0.39863 
-1.32913 0.421391 
-1.06493 -0.125978 
-0.415587 0.977237 
-1.27301 -0.207404 
-0.606036 1.0841 
-1.02639 -0.423682 
-0.480867 0.891755 
-0.689803 -0.372248 
-0.415403 0.745577 
-0.261305 -0.0943845 
-0.863812 1.16372 
-0.352711 -0.182125 
-0.259084 1.10115 
-1.31697 1.0859 
0.609292 0.483042 
-1.32156 0.863889 
1.08144 0.441647 
-1.3293 0.590561 
0.94285 0.871222 
-0.907736 1.39346 
-1.25545 -0.275451 
-0.581186 1.06547 
-1.04432 -0.417119 
-0.481512 0.904511 
-0.750869 -0.396138 
-0.443526 0.751342 
-0.135672 0.00532985 
1.18308 0.64893 
-1.18756 1.0642 
0.705764 0.521518 
-1.28157 0.967714 
0.921673 0.510381 
-1.29223 0.868408 
1.09465 0.439773 
-1.32942 0.577556 
0.829778 0.85518 
-0.916467 1.40797 
-1.27916 -0.240972 
-0.616119 1.08265 
-0.981406 -0.432867 
-0.479336 0.861241 
-0.537794 -0.29243 
-0.296761 0.821332 
-1.17035 -0.325814 
-0.504911 1.00267 
-1.08243 -0.397892 
-0.483982 0.932684 
-0.874392 -0.425908 
-0.471088 0.798582 
-0.240915 -0.0805877 
-1.10245 0.968699 
0.919804 0.529015 
-1.27902 0.912788 
1.0273 0.472181 
-1.31856 0.708354 
1.26381 0.516494 
-1.28766 0.767336 
1.23663 0.441015 
-1.32128 0.542876 
0.30471 0.543362 
-1.37388 0.707242 
1.24105 0.426373 
-1.3231 0.499477 
-0.320907 0.0255098 
-1.21453 0.71325 
1.21206 0.70699 
-1.11907 1.16507 
0.301903 0.322667 
-1.27517 -0.123704 
-0.618716 1.09753 
-1.03372 -0.422377 
-0.481476 0.896835 
-0.712565 -0.381793 
-0.427239 0.7459 
-0.196733 -0.0435621 
-0.579339 -0.149908 
-0.256032 0.931082 
-1.41378 0.34525 
-0.4943 -0.0901116 
-0.252674 1.05794 
-1.35914 0.950284 
0.896116 0.507864 
-1.29245 0.875981 
1.08224 0.445279 
-1.32834 0.60041 
1.00899 0.865348 
-0.922111 1.37415 
-1.16571 -0.371797 
-0.51194 0.994487 
-1.02401 -0.419182 
-0.479153 0.890535 
-0.692269 -0.373239 
-0.416722 0.74553 
-0.253642 -0.0884239 
-0.957087 1.11444 
0.21469 0.266564 
-0.976673 -0.385746 
-0.463181 0.863554 
-0.635336 -0.34596 
-0.379833 0.75592 
-0.515565 -0.274628 
-0.274099 0.85026 
-1.30129 -0.140252 
-0.66879 1.10414 
-0.86371 -0.433159 
-0.473394 0.791821 
-0.191141 -0.0409319 
-0.319034 0.0166644 
-1.18172 0.813976 
1.21359 0.441281 
-1.32302 0.542031 
0.318159 0.554147 
-1.36332 0.770344 
1.1795 0.403519 
-1.32858 0.433422 
-0.990698 -0.179208 
-0.401298 0.920425 
-1.15167 -0.348806 
-0.498592 0.986779 
-1.04494 -0.412306 
-0.480163 0.905351 
-0.761666 -0.399705 
-0.447313 0.753862 
-0.128387 0.0111356 
1.18229 0.611349 
-1.22457 0.988048 
0.898408 0.521681 
-1.28292 0.907027 
1.03533 0.46808 
-1.32049 0.692299 
1.26293 0.560769 
-1.25688 0.881299 
1.092 0.44571 
-1.32798 0.596013 
0.97521 0.869969 
-0.912826 1.38514 
-1.2211 -0.31861 
-0.545567 1.03858 
-1.07057 -0.405468 
-0.483226 0.923701 
-0.83586 -0.419615 
-0.465845 0.780065 
-0.16854 -0.0223522 
0.790946 0.826291 
-0.950346 1.39481 
-1.17477 -0.366162 
-0.516405 1.00148 
-1.03476 -0.416461 
-0.479806 0.89804 
-0.727104 -0.387405 
-0.433891 0.747327 
-0.16737 -0.0201037 
0.84513 0.840008 
-0.937209 1.39335 
-1.19722 -0.345162 
-0.528509 1.01938 
-1.05938 -0.408916 
-0.481831 0.915609 
-0.803736 -0.412172 
-0.459369 0.76697 
-0.132969 0.00689378 
1.18421 0.634997 
-1.20159 1.03684 
0.782821 0.531416 
-1.27113 0.975344 
0.911082 0.514125 
-1.28904 0.882908 
1.0729 0.45 
-1.32713 0.619286 
1.11285 0.823421 
-0.981397 1.31802 
-0.771696 -0.425149 
-0.461276 0.750796 
-0.0354348 0.0871007 
0.808555 0.61973 
-1.1913 1.13941 
0.4608 0.420807 
-1.37805 0.55661 
1.07163 0.847924 
-0.948955 1.34738 
-0.996823 -0.44783 
-0.485447 0.870099 
-0.552621 -0.301553 
-0.310655 0.806581 
-1.0742 -0.389985 
-0.479661 0.927655 
-0.870847 -0.42525 
-0.470624 0.796799 
-0.233692 -0.0748479 
-1.18427 0.810905 
1.21722 0.443175 
-1.32238 0.54768 
0.389517 0.609744 
-1.28749 1.03291 
0.771878 0.523176 
-1.27769 0.960147 
0.938945 0.505984 
-1.29613 0.848252 
1.12394 0.427303 
-1.33067 0.525799 
0.19877 0.456382 
-1.35194 0.0757599 
-0.952386 1.0538 
0.468691 0.439115 
-1.37219 0.628368 
1.25575 0.617616 
-1.20772 1.00843 
0.853526 0.529889 
-1.27428 0.946568 
0.967288 0.497094 
-1.30322 0.809888 
1.17562 0.413688 
-1.32875 0.465081 
-0.688802 -0.184662 
-0.315498 0.856818 
-1.21856 -0.276707 
-0.537025 1.04209 
-1.11391 -0.383312 
-0.489909 0.956326 
-0.95409 -0.428956 
-0.476256 0.844355 
-0.46327 -0.244764 
-0.233871 0.919909 
-1.41565 0.398808 
0.154715 0.420639 
-1.24847 -0.190499 
-0.56848 1.07362 
-1.12033 -0.38139 
-0.491864 0.961089 
-0.966352 -0.428116 
-0.476707 0.852099 
-0.50276 -0.270561 
-0.264756 0.862573 
-1.34045 -0.0429992 
-0.812432 1.10441 
-0.233465 -0.0883684 
-1.10478 0.965508 
0.928326 0.526735 
-1.28132 0.903076 
1.0431 0.464744 
-1.32196 0.678395 
1.25562 0.606002 
-1.219 0.983578 
0.909049 0.519996 
-1.28479 0.897675 
1.05047 0.46091 
-1.3235 0.663323 
1.23897 0.660616 
-1.16673 1.08921 
0.622719 0.498773 
-1.30847 0.907829 
1.01793 0.472634 
-1.31814 0.715473 
1.26206 0.498734 
-1.29786 0.717817 
1.26269 0.530764 
-1.27882 0.804951 
1.19677 0.418678 
-1.32703 0.47556 
-0.587031 -0.142367 
-0.25715 0.933702 
-1.41434 0.353148 
-0.399873 -0.0293753 
-0.497939 1.19104 
-1.42827 0.481122 
1.06494 0.852943 
-0.94208 1.35284 
-1.03749 -0.438792 
-0.487073 0.898169 
-0.691131 -0.373091 
-0.416289 0.745414 
-0.255442 -0.0898212 
-0.934737 1.12859 
0.0820957 0.163329 
0.00969442 0.148282 
0.417375 0.457665 
-1.37657 0.617549 
1.2495 0.63953 
-1.18692 1.0513 
0.742136 0.52827 
-1.27427 0.977997 
0.904055 0.515389 
-1.28772 0.889573 
1.06254 0.45495 
-1.32563 0.639408 
1.18761 0.753082 
-1.06656 1.23095 
-0.0959714 0.0121826 
1.13872 0.572788 
-1.25913 0.909253 
1.04304 0.467571 
-1.32081 0.686113 
1.26036 0.581113 
-1.24056 0.929033 
1.01396 0.482678 
-1.31322 0.744466 
1.24589 0.448598 
-1.3188 0.567435 
0.605432 0.756667 
-1.04529 1.35734 
-0.799709 -0.436437 
-0.469922 0.760051 
-0.0380754 0.084562 
0.824646 0.621111 
-1.19082 1.13668 
0.470584 0.426351 
-1.37539 0.588505 
1.18759 0.756775 
-1.06192 1.23574 
-0.130545 -0.0158339 
1.16426 0.707272 
-1.12452 1.16683 
0.300875 0.321657 
-1.27243 -0.12935 
-0.612635 1.0956 
-1.04834 -0.417549 
-0.482325 0.907239 
-0.760419 -0.399405 
-0.446942 0.753522 
-0.12859 0.0109845 
1.18247 0.612178 
-1.22379 0.989813 
0.894635 0.522494 
-1.2821 0.910789 
1.02917 0.470958 
-1.31914 0.703905 
1.26425 0.527843 
-1.28046 0.797856 
1.20516 0.420488 
-1.32632 0.480017 
-0.540492 -0.118235 
-0.241606 0.990105 
-1.40413 0.705554 
1.21407 0.400437 
-1.32589 0.418648 
-1.1037 -0.0830586 
-0.431731 1.01271 
-1.31673 -0.123815 
-0.709485 1.10831 
-0.708257 -0.389881 
-0.430478 0.741861 
-0.156713 -0.0113038 
1.06111 0.816062 
-0.990503 1.32021 
-0.757083 -0.420653 
-0.45685 0.746433 
-0.0361628 0.0866829 
0.812186 0.620075 
-1.19114 1.13888 
