 0.99781  0.01340
 0.11971  0.00565
 0.77521  0.00392
 0.94012  0.00098
 0.24266  0.00468
 0.96822  0.00046
 0.46036  0.00490
 0.90790 -0.00458
 0.58331  0.00394
 0.42530 -0.00412
 0.81837 -0.00465
 0.71435  0.00184
 0.18735 -0.00101
 0.09770  0.00186
 0.96161  0.00416
 0.57161  0.00504
 0.31496 -0.00423
 0.79331 -0.00219
 0.16928  0.00123
 0.60581  0.00248
 0.72017 -0.00379
 0.10644 -0.00112
 0.70605  0.00385
 0.05050 -0.00117
 0.34695  0.00467
 0.46110 -0.00262
 0.58627 -0.00496
 0.09232 -0.00451
 0.76749  0.00394
 0.73029  0.00074
 0.57320 -0.00058
 0.09776 -0.00449
 0.69264  0.00385
 0.69897 -0.00156
 0.63528 -0.00165
 0.11170 -0.00337
 0.52780  0.00363
 0.85574 -0.00472
 0.59345  0.00283
 0.53056 -0.00400
 0.54928 -0.00509
 0.64544 -0.00500
 0.18867 -0.00329
 0.97041  0.00171
 0.52627  0.00498
 0.90406 -0.00466
 0.51922  0.00387
 0.82354 -0.00475
 0.83886  0.00198
 0.49319  0.00274
 0.72278 -0.00484
 0.13292 -0.00109
 0.25431  0.00329
 0.61215  0.00003
 0.72939 -0.00379
 0.35719 -0.00083
 0.02132 -0.00315
 0.40711  0.00478
 0.41818 -0.00392
 0.90886 -0.00453
 0.60027  0.00396
 0.68839 -0.00383
 0.26586 -0.00207
 0.09151 -0.00060
 0.94370  0.00415
 0.41396  0.00488
 0.33235 -0.00403
 0.40676 -0.00266
 0.10873 -0.00428
 0.53665  0.00365
 0.91235 -0.00467
 0.64737  0.00401
 0.61168 -0.00279
 0.60170 -0.00394
 0.37872 -0.00419
 0.47978 -0.00381
 0.46305 -0.00513
 0.46996 -0.00510
 0.43973 -0.00514
 0.63184 -0.00488
 0.90388 -0.00361
 0.56092  0.00392
 0.14218 -0.00442
 0.93586  0.00290
 0.27653  0.00472
 0.10868 -0.00059
 0.69334  0.00383
 0.71657 -0.00154
 0.10408 -0.00112
 0.74226  0.00390
 0.03473 -0.00005
 0.48904  0.00486
 0.81439 -0.00473
 0.61050  0.00172
 0.77118 -0.00374
 0.50691  0.00047
 0.64109 -0.00495
 0.09586 -0.00339
 0.76592  0.00393
 0.68720  0.00069
 0.42623 -0.00188
 0.90257 -0.00455
 0.50015  0.00385
 0.77284 -0.00479
 0.50789  0.00047
 0.64324 -0.00495
 0.14233 -0.00334
 0.97851  0.00295
 0.62120  0.00508
 0.11248 -0.00335
 0.51592  0.00362
 0.80006 -0.00477
 0.23846  0.00130
 0.93278  0.00043
 0.13612  0.00456
 0.43251  0.00349
 0.06424 -0.00436
 0.09712  0.00436
 0.07560  0.00430
 0.34603  0.00464
 0.47908 -0.00259
 0.51613 -0.00506
 0.43406 -0.00521
 0.68169 -0.00482
 0.05420 -0.00231
 0.27053  0.00458
 0.25381 -0.00041
 0.46862 -0.00014
 0.65470 -0.00489
 0.40124 -0.00305
 0.16995 -0.00420
 0.36157  0.00219
 0.06347 -0.00310
 0.15754  0.00443
 0.99579  0.00295
 0.67553  0.00512
 0.32048 -0.00199
 0.76008 -0.00223
 0.26653  0.00020
 0.17074 -0.00051
 0.49992  0.00235
 0.70945 -0.00486
 0.77315 -0.00150
 0.65547  0.00065
 0.65268 -0.00275
 0.44532 -0.00300
 0.67583 -0.00484
 0.90715 -0.00248
 0.66047  0.00403
 0.91166 -0.00245
 0.73048  0.00411
 0.72080 -0.00040
 0.26665 -0.00093
 0.11968 -0.00057
 0.51349  0.00361
 0.79120 -0.00478
 0.00360  0.00104
 0.60279  0.00503
 0.77586 -0.00373
 0.63501  0.00062
 0.20184 -0.00326
 0.65604  0.00132
 0.69418 -0.00271
 0.46221 -0.00185
 0.61292 -0.00493
 0.53395 -0.00402
 0.56992 -0.00507
 0.86711 -0.00476
 0.83414  0.00310
 0.42878  0.00267
 0.06739 -0.00436
 0.06702  0.00432
 0.43716  0.00476
 0.07325 -0.00436
 0.00627  0.00424
 0.73871  0.00519
 0.99182 -0.00009
 0.53875  0.00497
 0.98328 -0.00458
 0.32287  0.00472
 0.98893 -0.00197
 0.45221  0.00487
 0.95696 -0.00451
 0.16939  0.00457
 0.74460  0.00264
 0.04636 -0.00004
 0.42340  0.00477
 0.21464 -0.00418
 0.30231  0.00089
 0.31008 -0.00156
 0.02080 -0.00191
 0.46050  0.00484
 0.90449 -0.00459
 0.52942  0.00388
 0.87542 -0.00470
 0.00433  0.00330
 0.69845  0.00514
 0.90487 -0.00133
 0.67305  0.00405
 0.21427 -0.00211
 0.39844  0.00100
 0.38201 -0.00395
 0.43381 -0.00387
 0.74058 -0.00475
 0.62350 -0.00053
 0.92015 -0.00358
 0.80507  0.00419
 0.74752  0.00190
 0.09511  0.00002
 0.92043  0.00412
 0.13388  0.00457
 0.47544  0.00355
 0.78555 -0.00474
 0.85400  0.00087
 0.79123  0.00307
 0.33593  0.00143
 0.55865 -0.00249
 0.84727 -0.00477
 0.40259  0.00262
 0.38999 -0.00394
 0.30288 -0.00403
 0.08836 -0.00182
 0.93351  0.00414
 0.30168  0.00476
 0.48845 -0.00135
 0.55265 -0.00503
 0.67920 -0.00496
 0.98582 -0.00239
 0.42468  0.00484
 0.20341 -0.00419
 0.57844  0.00123
 0.24304 -0.00433
 0.57841  0.00000
 0.19085 -0.00439
 0.87265  0.00159
 0.21502  0.00355
 0.61889  0.00126
 0.90681 -0.00359
 0.60823  0.00397
 0.82558 -0.00367
 0.93474  0.00209
 0.22961  0.00467
 0.29986  0.00087
 0.36833 -0.00149
 0.78014 -0.00344
 0.76299  0.00077
 0.47288  0.00044
 0.66296 -0.00488
 0.59391 -0.00283
 0.29860 -0.00428
 0.18171 -0.00171
 0.19972  0.00199
 0.92907  0.00165
 0.14252  0.00457
 0.30905  0.00334
 0.25232 -0.00164
 0.45499 -0.00015
 0.72642 -0.00479
 0.23420 -0.00097
 0.94487  0.00044
 0.26933  0.00471
 0.28967 -0.00037
 0.56566 -0.00125
 0.97750 -0.00462
 0.29663  0.00470
 0.60876 -0.00120
 0.61630 -0.00392
 0.63907 -0.00390
 0.09674 -0.00339
 0.75362  0.00392
 0.34835  0.00031
 0.24792 -0.00287
 0.51534 -0.00008
 0.64184 -0.00496
 0.11163 -0.00338
 0.52870  0.00364
 0.86090 -0.00472
 0.70532  0.00296
 0.99364 -0.00123
 0.49475  0.00491
 0.81471 -0.00473
 0.61848  0.00173
 0.91906 -0.00358
 0.79015  0.00417
 0.35367  0.00145
 0.18782 -0.00295
 0.00510  0.00175
 0.63332  0.00506
 0.35427 -0.00308
 0.98449 -0.00319
 0.38637  0.00480
 0.73053 -0.00352
 0.39970 -0.00078
 0.28802 -0.00406
 0.45065 -0.00138
 0.70392 -0.00481
 0.62853 -0.00166
 0.97236 -0.00352
 0.31650  0.00473
 0.13595 -0.00178
 0.16775  0.00318
 0.72214  0.00262
 0.43047 -0.00074
 0.90619 -0.00455
 0.55802  0.00391
 0.11089 -0.00446
 0.49497  0.00360
 0.75913 -0.00480
 0.13203  0.00005
 0.31880  0.00336
 0.02501 -0.00192
 0.44846  0.00482
 0.98179 -0.00448
 0.32148  0.00472
 0.02075 -0.00193
 0.46006  0.00484
 0.90691 -0.00458
 0.56791  0.00392
 0.22245 -0.00434
 0.10003  0.00064
 0.87666  0.00406
 0.39867  0.00376
 0.49506 -0.00382
 0.44610 -0.00517
 0.57795 -0.00495
 0.97546 -0.00464
 0.28591  0.00469
 0.87235 -0.00088
 0.10462  0.00342
 0.92540  0.00411
 0.20010  0.00465
 0.03224  0.00177
 0.57701  0.00496
 0.38169 -0.00416
 0.43034 -0.00387
 0.77509 -0.00470
 0.57298  0.00055
 0.14259 -0.00444
 0.92714  0.00289
 0.17078  0.00461
 0.71512  0.00261
 0.24045 -0.00095
 0.78682  0.00025
 0.09897  0.00115
 0.91365  0.00410
 0.03706  0.00447
 0.66829  0.00507
 0.14143 -0.00219
 0.04474  0.00303
 0.56342  0.00493
 0.21281 -0.00434
 0.34053  0.00094
 0.43872 -0.00264
 0.74676 -0.00475
 0.79376 -0.00034
 0.25941  0.00133
 0.39959 -0.00023
 0.31310 -0.00403
 0.84530 -0.00212
 0.46923  0.00270
 0.77210 -0.00475
 0.48926  0.00045
 0.62815 -0.00494
 0.82602 -0.00370
 0.94458  0.00210
 0.33646  0.00478
 0.68890 -0.00234
 0.34181 -0.00198
 0.28825 -0.00281
 0.49748 -0.00133
 0.55221 -0.00504
 0.67454 -0.00496
 0.87000 -0.00252
 0.98789  0.00328
 0.67082  0.00513
 0.20517 -0.00212
 0.62291  0.00128
 0.98501 -0.00350
 0.37486  0.00478
 0.92660 -0.00328
 0.90336  0.00430
 0.88629  0.00430
 0.59162  0.00398
 0.55029 -0.00398
 0.70155 -0.00493
 0.56069 -0.00174
 0.90083 -0.00471
 0.46483  0.00381
 0.83852 -0.00467
 0.20431  0.00240
 0.83465  0.00153
 0.37424  0.00260
 0.84551 -0.00337
 0.42141  0.00264
 0.14777 -0.00425
 0.83142  0.00277
 0.34933  0.00258
 0.32348 -0.00278
 0.65808 -0.00236
 0.58613 -0.00284
 0.18003 -0.00441
 0.12452  0.00190
 0.53338  0.00363
 0.88919 -0.00469
 0.26471  0.00359
 0.35983 -0.00028
 0.99274 -0.00318
 0.41041  0.00482
 0.37554 -0.00397
 0.54487 -0.00373
 0.66420 -0.00497
 0.61983 -0.00280
 0.75322 -0.00377
 0.01276 -0.00009
 0.55202  0.00496
 0.09518 -0.00447
 0.72998  0.00389
 0.69791 -0.00043
 0.65537 -0.00162
 0.55465 -0.00287
 0.79013 -0.00483
 0.97311  0.00100
 0.51176  0.00496
 0.84282 -0.00472
 0.30262  0.00251
 0.37074 -0.00149
 0.73589 -0.00350
 0.54747 -0.00062
 0.81808 -0.00479
 0.70116  0.00183
 0.83592 -0.00141
 0.28041  0.00249
 0.91691 -0.00082
 0.87610  0.00427
 0.39675  0.00376
 0.52360 -0.00378
 0.52045 -0.00511
 0.44953 -0.00519
 0.55101 -0.00499
 0.66551 -0.00497
 0.65072 -0.00277
 0.40039 -0.00305
 0.18236 -0.00419
 0.08016  0.00184
 0.19017  0.00445
 0.26188  0.00205
 0.36687 -0.00027
 0.85895 -0.00335
 0.72128  0.00298
 0.42266 -0.00075
 0.99021 -0.00444
 0.35124  0.00475
 0.37631 -0.00272
 0.58400 -0.00368
 0.11317 -0.00448
 0.45688  0.00355
 0.87095 -0.00462
 0.91853  0.00320
 0.06889  0.00450
 0.42600  0.00474
 0.18487 -0.00421
 0.02071  0.00177
 0.61632  0.00502
 0.01722 -0.00346
 0.40303  0.00478
 0.47485 -0.00385
 0.47525 -0.00511
 0.42065 -0.00517
 0.82650 -0.00463
 0.91705  0.00207
 0.00034  0.00442
 0.74353  0.00520
 0.12480  0.00006
 0.45058  0.00353
 0.91173 -0.00456
 0.64240  0.00401
 0.50234 -0.00292
 0.48982 -0.00512
 0.39226 -0.00522
 0.21316 -0.00414
 0.34045  0.00094
 0.44040 -0.00263
 0.73204 -0.00476
 0.38849 -0.00080
 0.45987 -0.00385
 0.54118 -0.00501
 0.58020 -0.00506
 0.00149 -0.00461
 0.36304  0.00475
 0.14338 -0.00301
 0.97176  0.00294
 0.58619  0.00505
 0.51380 -0.00402
 0.47028 -0.00516
 0.43594 -0.00515
 0.66618 -0.00484
 0.67237 -0.00274
 0.91067 -0.00247
 0.71497  0.00409
 0.29908 -0.00088
 0.31325 -0.00156
 0.94635 -0.00200
 0.18053  0.00460
 0.49355  0.00233
 0.70575 -0.00486
 0.67467 -0.00161
 0.01512 -0.00235
 0.45336  0.00484
 0.94792 -0.00453
 0.08922  0.00449
 0.18890  0.00444
 0.29145  0.00209
 0.62550 -0.00118
 0.93234 -0.00357
 0.96225  0.00436
 0.58455  0.00506
 0.49036 -0.00404
 0.43763 -0.00517
 0.64962 -0.00486
 0.28732 -0.00318
 0.50511 -0.00132
 0.56191 -0.00504
 0.77470 -0.00486
 0.55572  0.00053
 0.94438 -0.00465
 0.04920  0.00445
 0.59330  0.00496
 0.61825 -0.00390
 0.67671 -0.00386
 0.97026 -0.00240
 0.35172  0.00477
 0.36750 -0.00273
 0.74322 -0.00349
 0.74944 -0.00039
 0.05174 -0.00004
 0.38551  0.00472
 0.74121 -0.00351
 0.69324 -0.00045
 0.53321 -0.00176
 0.66060 -0.00496
 0.53522 -0.00290
 0.62594 -0.00500
 0.77944 -0.00375
 0.73113  0.00073
 0.59565 -0.00055
 0.42242 -0.00413
 0.84990 -0.00460
 0.46886  0.00269
 0.77339 -0.00475
 0.52444  0.00049
 0.70508 -0.00490
 0.65536 -0.00163
 0.55397 -0.00287
 0.78342 -0.00484
 0.79272  0.00080
 0.27978  0.00136
 0.88500 -0.00086
 0.34998  0.00369
 0.35726 -0.00274
 0.93920 -0.00324
 0.05426  0.00446
 0.55599  0.00491
 0.13234 -0.00443
 0.12392  0.00313
 0.59603  0.00370
 0.60809 -0.00392
 0.49006 -0.00407
 0.43662 -0.00517
 0.65880 -0.00485
 0.49776 -0.00294
 0.48416 -0.00512
 0.39881 -0.00521
 0.11420 -0.00427
 0.44930  0.00354
 0.92138 -0.00455
 0.78075  0.00416
 0.10040  0.00116
 0.89323  0.00408
 0.70682  0.00410
 0.08167 -0.00113
 0.04654  0.00428
 0.60457  0.00498
 0.80427 -0.00369
 0.39399  0.00148
 0.46944 -0.00384
 0.49501 -0.00508
 0.39278 -0.00523
 0.20477 -0.00415
 0.54692  0.00119
 0.88952 -0.00470
 0.27003  0.00359
 0.22507 -0.00045
 0.19830  0.00075
 0.91135  0.00163
 0.89816  0.00431
 0.80113  0.00421
 0.64560  0.00178
 0.47834 -0.00295
 0.50306 -0.00508
 0.39949 -0.00523
 0.10331 -0.00428
 0.62026  0.00375
 0.03821 -0.00344
 0.32843  0.00466
 0.86074 -0.00212
 0.81139  0.00309
 0.86381  0.00203
 0.05184  0.00337
 0.52840  0.00488
 0.91190 -0.00466
 0.64101  0.00400
 0.47217 -0.00295
 0.52217 -0.00505
 0.45998 -0.00518
 0.48409 -0.00508
 0.40079 -0.00521
 0.08535 -0.00430
 0.86736  0.00407
 0.21194  0.00355
 0.69557  0.00136
 0.66975 -0.00160
 0.89516 -0.00249
 0.46302  0.00381
 0.84771 -0.00466
 0.41742  0.00264
 0.19474 -0.00419
 0.78799  0.00149
 0.18257  0.00125
 0.30504  0.00211
 0.29581 -0.00158
 0.36340 -0.00149
 0.87287 -0.00333
 0.01153  0.00331
 0.69662  0.00513
 0.85661 -0.00138
 0.75359  0.00302
 0.30988  0.00026
 0.10251 -0.00182
 0.73622  0.00389
 0.86873 -0.00024
 0.05840  0.00337
 0.47595  0.00481
 0.83757 -0.00468
 0.18145  0.00237
 0.37824  0.00220
 0.75787 -0.00348
 0.15277  0.00007
 0.91169  0.00286
 0.95528  0.00437
 0.53091  0.00500
 0.93169 -0.00464
 0.90935  0.00430
 0.98055  0.00441
 0.69165  0.00516
 0.72904 -0.00153
 0.44341 -0.00073
 0.78694 -0.00470
 0.89296  0.00091
 0.56822  0.00394
 0.22686 -0.00433
 0.98911  0.00051
 0.55709  0.00499
 0.14692 -0.00441
 0.84194  0.00278
 0.59894  0.00286
 0.61985 -0.00391
 0.70703 -0.00383
 0.75221 -0.00152
 0.08011 -0.00001
 0.11252  0.00436
 0.84095  0.00400
 0.62756  0.00289
 0.14516 -0.00332
 0.92336  0.00288
 0.12135  0.00456
 0.70094  0.00383
 0.91461 -0.00132
 0.82193  0.00421
 0.17761  0.00238
 0.46693  0.00231
 0.76532 -0.00476
 0.30367  0.00024
 0.25000 -0.00164
 0.51431 -0.00008
 0.63810 -0.00496
 0.03135 -0.00347
 0.35980  0.00471
 0.20425 -0.00293
 0.61092  0.00127
 0.75932 -0.00375
 0.18124  0.00010
 0.28734  0.00209
 0.72726 -0.00105
 0.41488 -0.00076
 0.08263 -0.00432
 0.90013  0.00411
 0.82556  0.00423
 0.26832  0.00249
 0.22157 -0.00045
 0.28636  0.00086
 0.69975 -0.00108
 0.67581 -0.00160
 0.04354 -0.00232
 0.34514  0.00468
 0.49912 -0.00257
 0.50084 -0.00511
 0.39541 -0.00523
 0.16414 -0.00420
 0.48933  0.00235
 0.70815 -0.00485
 0.73896 -0.00154
 0.71480 -0.00042
 0.10391 -0.00111
 0.74480  0.00390
 0.10497  0.00003
 0.77713  0.00394
 0.99314  0.00104
 0.58968  0.00503
 0.56492 -0.00396
 0.85444 -0.00477
 0.56313  0.00280
 0.11947 -0.00445
 0.35287  0.00342
 0.28703 -0.00283
 0.52721 -0.00129
 0.64454 -0.00497
 0.16991 -0.00331
 0.40004  0.00224
 0.41062 -0.00392
 0.00400 -0.00441
 0.37297  0.00476
 0.95941 -0.00324
 0.24257  0.00466
 0.96963  0.00046
 0.46908  0.00491
 0.86612 -0.00464
 0.81843  0.00309
 0.04251  0.00223
 0.54340  0.00491
 0.01710 -0.00455
 0.35709  0.00472
 0.25780 -0.00287
 0.26310 -0.00039
 0.23292 -0.00043
 0.00038  0.00051
 0.57848  0.00500
 0.40310 -0.00414
 0.09746 -0.00429
 0.70543  0.00386
 0.03446 -0.00118
 0.44237  0.00480
 0.02923 -0.00442
 0.32818  0.00468
 0.86685 -0.00212
 0.94033  0.00323
 0.33986  0.00479
 0.61588 -0.00243
 0.69438 -0.00384
 0.41975 -0.00190
 0.97547 -0.00445
 0.29385  0.00470
 0.67666 -0.00112
 0.08485 -0.00227
 0.95947  0.00417
 0.55608  0.00503
 0.13797 -0.00442
 0.01783  0.00300
 0.67465  0.00510
 0.29765 -0.00202
 0.30015 -0.00157
 0.25837 -0.00162
 0.30117 -0.00034
 0.28562 -0.00159
 0.61443 -0.00118
 0.71999 -0.00381
 0.10103 -0.00112
 0.78741  0.00395
 0.27125  0.00136
 0.09963 -0.00060
 0.83022  0.00401
 0.37233  0.00260
 0.87987 -0.00333
 0.14878  0.00346
 0.13667  0.00313
 0.36160  0.00341
 0.11443 -0.00304
 0.49720  0.00359
 0.75984 -0.00480
 0.15141  0.00007
 0.93958  0.00289
 0.31758  0.00477
 0.11243 -0.00181
 0.58175  0.00370
 0.39307 -0.00415
 0.24577 -0.00410
 0.51804 -0.00007
 0.65228 -0.00495
 0.34346 -0.00311
 0.20538 -0.00291
 0.58427  0.00123
 0.32482 -0.00424
 0.56631 -0.00247
 0.93358 -0.00468
 0.93014  0.00432
 0.26870  0.00472
 0.30628 -0.00035
 0.16244 -0.00174
 0.63014  0.00252
 0.18142 -0.00328
 0.14026  0.00192
 0.24120  0.00326
 0.94581  0.00044
 0.27840  0.00471
 0.06137 -0.00065
 0.28039  0.00458
 0.00571 -0.00072
 0.52922  0.00494
 0.91900 -0.00465
 0.74388  0.00412
 0.08870  0.00001
 0.00671  0.00423
 0.73793  0.00518
 0.97025 -0.00012
 0.44817  0.00489
 0.98666 -0.00447
 0.33940  0.00474
 0.62334 -0.00242
 0.83737 -0.00368
 0.21905  0.00241
 0.47044  0.00108
 0.69894 -0.00484
 0.49604 -0.00181
 0.53103 -0.00507
 0.50719 -0.00514
 0.40474 -0.00523
 0.02818 -0.00437
 0.33395  0.00468
 0.73935 -0.00227
 0.69424 -0.00045
 0.55920 -0.00173
 0.88509 -0.00472
 0.18833  0.00350
 0.26529  0.00206
 0.28038 -0.00038
 0.79659 -0.00096
 0.30805  0.00139
 0.19372 -0.00171
 0.91750  0.00164
 0.98850  0.00441
 0.72007  0.00519
 0.48290 -0.00067
 0.58902 -0.00498
 0.13224 -0.00447
 0.12415  0.00313
 0.59191  0.00370
 0.54294 -0.00399
 0.63751 -0.00500
 0.01738 -0.00348
 0.40168  0.00478
 0.49403 -0.00382
 0.44581 -0.00517
 0.58030 -0.00495
 0.00762 -0.00460
 0.36481  0.00474
 0.10937 -0.00305
 0.57839  0.00370
 0.34667 -0.00420
 0.09225 -0.00305
 0.83016  0.00401
 0.37112  0.00260
 0.90175 -0.00330
 0.53930  0.00390
 0.94205 -0.00463
 0.02597  0.00442
 0.71311  0.00513
 0.29299 -0.00089
 0.46197 -0.00137
 0.63416 -0.00491
 0.95076 -0.00356
 0.15656  0.00457
 0.02207  0.00299
 0.66411  0.00508
 0.04182 -0.00231
 0.35602  0.00469
 0.27779 -0.00284
 0.75751 -0.00101
 0.24753  0.00018
 0.65417  0.00009
 0.59923 -0.00282
 0.38501 -0.00418
 0.37377 -0.00394
 0.57751 -0.00369
 0.02281 -0.00458
 0.34244  0.00470
 0.55689 -0.00250
 0.82852 -0.00479
 0.95973  0.00212
 0.47130  0.00493
 0.85798 -0.00465
 0.64520  0.00289
 0.51642 -0.00290
 0.52646 -0.00510
 0.47963 -0.00516
 0.40627 -0.00520
 0.00853 -0.00440
 0.37321  0.00475
 0.95481 -0.00324
 0.20519  0.00462
 0.90698  0.00161
 0.83068  0.00423
 0.39314  0.00263
 0.53097 -0.00377
 0.56173 -0.00507
 0.77134 -0.00486
 0.46390  0.00042
 0.70010 -0.00483
 0.52695 -0.00178
 0.62252 -0.00500
 0.71242 -0.00382
 0.89633 -0.00136
 0.53095  0.00389
 0.88505 -0.00469
 0.18896  0.00350
 0.25038  0.00204
 0.65969  0.00009
 0.72690 -0.00267
 0.33670 -0.00085
 0.44559 -0.00262
 0.68942 -0.00482
 0.25012 -0.00209
 0.49209 -0.00011
 0.60292 -0.00498
 0.35552 -0.00422
 0.91125 -0.00327
 0.68962  0.00406
 0.63052 -0.00164
 0.01356 -0.00348
 0.40786  0.00479
 0.40842 -0.00393
 0.03276 -0.00437
 0.31546  0.00466
 0.15695 -0.00176
 0.74689  0.00266
 0.11017  0.00004
 0.69613  0.00383
 0.78902 -0.00146
 0.08553  0.00114
 0.09473  0.00433
 0.10798  0.00434
 0.91247  0.00409
 0.01903  0.00445
 0.73324  0.00516
 0.84078 -0.00027
 0.44317  0.00268
 0.93265 -0.00453
 0.92522  0.00431
 0.20623  0.00465
 0.88285  0.00158
 0.41293  0.00377
 0.29858 -0.00406
 0.19119 -0.00170
 0.97801  0.00171
 0.56663  0.00502
 0.25337 -0.00430
 0.31579 -0.00032
 0.93921 -0.00202
 0.10630  0.00452
 0.94624  0.00413
 0.43871  0.00490
 0.06524 -0.00437
 0.08736  0.00435
 0.20711  0.00446
 0.85336  0.00155
 0.80605  0.00309
 0.72654  0.00187
 0.51858 -0.00064
 0.63054 -0.00498
 0.87314 -0.00364
 0.00381  0.00330
 0.69837  0.00514
 0.90287 -0.00133
 0.64078  0.00401
 0.46763 -0.00295
 0.54007 -0.00502
 0.57123 -0.00507
 0.88314 -0.00474
 0.15131  0.00346
 0.08488  0.00307
 0.18429  0.00444
 0.39959  0.00222
 0.41634 -0.00391
 0.93147 -0.00450
 0.91238  0.00430
 0.02656  0.00446
 0.71263  0.00513
 0.28027 -0.00090
 0.77713 -0.00099
 0.78533  0.00080
 0.08211  0.00114
 0.13685  0.00439
 0.41131  0.00347
 0.30684 -0.00405
 0.99268 -0.00194
 0.46270  0.00488
 0.89428 -0.00460
 0.35852  0.00369
 0.18606 -0.00295
 0.04593  0.00180
 0.50379  0.00486
 0.82051 -0.00474
 0.76414  0.00190
 0.55229  0.00054
 0.91097 -0.00469
 0.62583  0.00399
 0.15699 -0.00330
 0.68068  0.00258
 0.34132 -0.00197
 0.29891 -0.00280
 0.23654 -0.00165
 0.85711  0.00034
 0.83715  0.00312
 0.50105  0.00275
 0.72734 -0.00484
 0.25683 -0.00095
 0.36891 -0.00026
 0.82143 -0.00340
 0.84366  0.00199
 0.60539  0.00286
 0.72903 -0.00378
 0.34779 -0.00084
 0.21089 -0.00291
 0.44851  0.00107
 0.82278 -0.00467
 0.82371  0.00197
 0.12675  0.00232
 0.51131  0.00360
 0.78404 -0.00479
 0.81156  0.00082
 0.77254  0.00192
 0.78288  0.00080
 0.01621  0.00106
 0.59563  0.00501
 0.65694 -0.00386
 0.49640 -0.00294
 0.48348 -0.00512
 0.39999 -0.00521
 0.09700 -0.00429
 0.71208  0.00387
 0.21213 -0.00098
 0.49928  0.00112
 0.65698 -0.00492
 0.45226 -0.00299
 0.62465 -0.00491
 0.75796 -0.00377
 0.14308  0.00006
 0.10743  0.00310
 0.86882  0.00404
 0.24091  0.00358
 0.96670  0.00046
 0.45067  0.00489
 0.96875 -0.00450
 0.25413  0.00466
 0.67455  0.00010
 0.08425 -0.00227
 0.96695  0.00418
 0.60941  0.00508
 0.89338 -0.00359
 0.38530  0.00372
 0.70283 -0.00356
 0.65248 -0.00163
 0.48811 -0.00294
 0.48570 -0.00511
 0.39703 -0.00521
 0.14045 -0.00423
 0.97776  0.00295
 0.61775  0.00508
 0.04631 -0.00342
 0.28069  0.00460
 0.99880 -0.00073
 0.52455  0.00494
 0.89360 -0.00467
 0.34361  0.00367
 0.48885 -0.00258
 0.50044 -0.00509
 0.39545 -0.00523
 0.16353 -0.00420
 0.50264  0.00236
 0.71325 -0.00486
 0.87480 -0.00138
 0.13221  0.00345
 0.45899  0.00353
 0.85764 -0.00464
 0.63847  0.00289
 0.37062 -0.00307
 0.67152 -0.00357
 0.85491 -0.00253
 0.66763  0.00292
 0.03502 -0.00232
 0.39180  0.00474
 0.64117 -0.00364
 0.15295 -0.00333
 0.76435  0.00269
 0.59149  0.00058
 0.40509 -0.00415
 0.06899 -0.00433
 0.05220  0.00430
 0.56532  0.00493
 0.23428 -0.00432
 0.80163  0.00028
 0.49270  0.00160
 0.67490 -0.00489
 0.88201 -0.00251
 0.22427  0.00355
 0.38726  0.00098
 0.55471 -0.00373
 0.75434 -0.00487
 0.99693 -0.00011
 0.54812  0.00497
 0.05985 -0.00451
 0.13098  0.00441
 0.52237  0.00361
 0.82645 -0.00475
 0.91060  0.00206
 0.90540  0.00432
 0.91980  0.00434
 0.13468  0.00458
 0.46042  0.00353
 0.84948 -0.00465
 0.45747  0.00268
 0.83079 -0.00467
 0.01981  0.00219
 0.63602  0.00505
 0.41021 -0.00302
 0.04736 -0.00436
 0.23421  0.00454
 0.17775  0.00072
 0.39336  0.00222
 0.51027 -0.00379
 0.46909 -0.00516
 0.44087 -0.00514
 0.62205 -0.00489
 0.70750 -0.00383
 0.76483 -0.00150
 0.42764  0.00039
 0.98317 -0.00445
 0.32799  0.00473
 0.87334 -0.00211
 0.07257  0.00338
 0.34030  0.00464
 0.59994 -0.00244
 0.41242 -0.00415
 0.97071 -0.00445
 0.26793  0.00467
 0.32385 -0.00033
 0.75343 -0.00224
 0.08295 -0.00000
 0.07850  0.00432
 0.31395  0.00460
 0.19004 -0.00172
 0.00448  0.00175
 0.63305  0.00506
 0.34878 -0.00309
 0.09571 -0.00305
 0.78253  0.00395
 0.13990  0.00121
 0.21824  0.00324
 0.52539  0.00115
 0.73766 -0.00486
 0.53871 -0.00063
 0.74671 -0.00486
 0.78736 -0.00035
 0.08839  0.00114
 0.05831  0.00429
 0.51563  0.00486
 0.85145 -0.00471
 0.49908  0.00273
 0.72453 -0.00484
 0.18048 -0.00103
 0.25663  0.00205
 0.50094 -0.00010
 0.60674 -0.00498
 0.42122 -0.00415
 0.86309 -0.00459
 0.75728  0.00302
 0.41122  0.00038
 0.17759 -0.00421
 0.18922  0.00198
 0.17995  0.00195
 0.39523  0.00222
 0.48160 -0.00383
 0.45830 -0.00514
 0.49569 -0.00506
 0.39352 -0.00523
 0.19324 -0.00417
 0.82503  0.00153
 0.14090  0.00234
 0.24639  0.00327
 0.81360  0.00028
 0.80162  0.00195
 0.56311  0.00168
 0.07210 -0.00451
 0.01217  0.00425
 0.73590  0.00518
 0.91418 -0.00018
 0.86380  0.00426
 0.14602  0.00348
 0.19308  0.00320
 0.13989  0.00190
 0.24782  0.00327
 0.77710  0.00023
 0.83587  0.00086
 0.37495  0.00260
 0.83279 -0.00339
 0.12202  0.00231
 0.59429  0.00370
 0.58046 -0.00395
 0.05221 -0.00455
 0.19128  0.00449
 0.23702  0.00202
 0.99955  0.00051
 0.57741  0.00500
 0.38861 -0.00415
 0.31621 -0.00402
 0.77326 -0.00221
 0.62831  0.00062
 0.06415 -0.00342
 0.13796  0.00441
 0.39089  0.00344
 0.60055 -0.00368
 0.37033 -0.00420
 0.62895 -0.00362
 0.89800 -0.00361
 0.46396  0.00381
 0.84289 -0.00466
 0.30671  0.00251
 0.27299 -0.00161
 0.93031 -0.00080
 0.05472  0.00447
 0.55284  0.00491
 0.10094 -0.00446
 0.64767  0.00379
 0.60882 -0.00280
 0.55021 -0.00400
 0.69991 -0.00493
 0.51778 -0.00179
 0.57881 -0.00504
 0.98351 -0.00463
 0.32177  0.00472
 0.01399 -0.00193
 0.47248  0.00486
 0.85099 -0.00466
 0.49103  0.00272
 0.72275 -0.00484
 0.13219 -0.00109
 0.26782  0.00330
 0.26878 -0.00039
 0.08827 -0.00061
 0.98614  0.00420
 0.70409  0.00517
 0.05433 -0.00116
 0.31819  0.00463
 0.09273 -0.00184
 0.87490  0.00407
 0.36424  0.00372
 0.07695 -0.00309
 0.01893  0.00425
 0.72526  0.00516
 0.62246 -0.00051
 0.90054 -0.00360
 0.50679  0.00386
 0.78374 -0.00478
 0.80385  0.00081
 0.57316  0.00169
 0.19314 -0.00438
 0.81846  0.00152
 0.97722  0.00215
 0.58140  0.00503
 0.44463 -0.00409
 0.63506 -0.00488
 0.97053 -0.00353
 0.30561  0.00472
 0.39233 -0.00147
 0.37049 -0.00396
 0.63640 -0.00362
 0.05221 -0.00344
 0.23823  0.00454
 0.07546  0.00059
 0.19115  0.00446
 0.23899  0.00202
 0.94950  0.00044
 0.31392  0.00475
 0.19702 -0.00171
 0.83807  0.00154
 0.45594  0.00269
 0.84063 -0.00466
 0.25442  0.00245
 0.57416 -0.00002
 0.13389 -0.00445
 0.09424  0.00310
 0.06261  0.00429
 0.47750  0.00481
 0.83300 -0.00469
 0.07216  0.00225
 0.29684  0.00459
 0.59877 -0.00122
 0.44512 -0.00411
 0.63030 -0.00489
 0.87205 -0.00364
 0.98192  0.00327
 0.64944  0.00511
 0.70418 -0.00269
 0.72485 -0.00155
 0.32830 -0.00086
 0.63034 -0.00239
 0.97817 -0.00352
 0.34635  0.00476
 0.47720 -0.00260
 0.52096 -0.00506
 0.45414 -0.00519
 0.51933 -0.00503
 0.44810 -0.00519
 0.56157 -0.00497
 0.77373 -0.00486
 0.52920  0.00050
 0.73126 -0.00487
 0.36288 -0.00083
 0.91083 -0.00328
 0.68299  0.00405
 0.46159 -0.00183
 0.61676 -0.00493
 0.60525 -0.00394
 0.43915 -0.00413
 0.68003 -0.00482
 0.01226 -0.00236
 0.45661  0.00485
 0.92743 -0.00455
 0.86022  0.00424
 0.06915  0.00339
 0.37641  0.00468
 0.89507 -0.00332
 0.42636  0.00377
 0.13984 -0.00427
 0.98819  0.00296
 0.65828  0.00511
 0.90632 -0.00246
 0.64828  0.00402
 0.63225 -0.00277
 0.00156 -0.00349
 0.41028  0.00480
 0.37674 -0.00397
 0.52381 -0.00376
 0.52252 -0.00511
 0.45910 -0.00518
 0.48907 -0.00507
 0.39494 -0.00522
 0.17192 -0.00419
 0.31785  0.00214
 0.99505 -0.00195
 0.46705  0.00488
 0.87343 -0.00463
 0.96792  0.00326
 0.57639  0.00504
 0.37662 -0.00417
 0.51750 -0.00376
 0.49424 -0.00514
 0.39027 -0.00523
 0.24414 -0.00410
 0.55972 -0.00002
 0.96280 -0.00463
 0.20876  0.00461
 0.81908  0.00151
 0.99191  0.00217
 0.63455  0.00508
 0.38059 -0.00305
 0.49592 -0.00379
 0.44726 -0.00517
 0.56903 -0.00497
 0.86061 -0.00476
 0.69713  0.00295
 0.77776 -0.00148
 0.78174  0.00079
 0.98515  0.00103
 0.56659  0.00501
 0.25257 -0.00430
 0.33618 -0.00029
 0.48039 -0.00258
 0.51358 -0.00507
 0.42503 -0.00521
 0.77502 -0.00470
 0.57115  0.00055
 0.11935 -0.00446
 0.35464  0.00342
 0.25169 -0.00287
 0.41893 -0.00020
 0.05694 -0.00436
 0.16206  0.00445
 0.89974  0.00283
 0.76527  0.00416
 0.67914  0.00068
 0.22269 -0.00211
 0.18795  0.00074
 0.15782  0.00193
 0.88423  0.00282
 0.49092  0.00386
 0.77093 -0.00478
 0.45611  0.00041
 0.74334 -0.00477
 0.69857 -0.00045
 0.67192 -0.00160
 0.94793 -0.00243
 0.17801  0.00459
 0.55121  0.00240
 0.97965 -0.00460
 0.30726  0.00471
 0.35271 -0.00152
 0.08172 -0.00307
 0.96404  0.00418
 0.58989  0.00506
 0.56956 -0.00395
 0.90978 -0.00471
 0.60696  0.00397
 0.80286 -0.00370
 0.35687  0.00144
 0.12346 -0.00303
 0.34395  0.00340
 0.47040 -0.00260
 0.54352 -0.00502
 0.59849 -0.00504
 0.27886 -0.00431
 0.66880 -0.00111
 0.89282 -0.00249
 0.42230  0.00377
 0.18499 -0.00421
 0.01790  0.00177
 0.62237  0.00504
 0.13326 -0.00333
 0.15340  0.00317
 0.02931  0.00300
 0.64100  0.00504
 0.51585 -0.00290
 0.52452 -0.00510
 0.46940 -0.00517
 0.43890 -0.00514
 0.63922 -0.00487
 0.05899 -0.00343
 0.18368  0.00447
 0.41498  0.00224
 0.20799 -0.00417
 0.46689  0.00109
 0.71419 -0.00482
 0.90180 -0.00135
 0.62250  0.00399
 0.09163 -0.00338
 0.82478  0.00401
 0.23939  0.00245
 0.95755  0.00045
 0.38391  0.00483
 0.77244 -0.00347
 0.55270  0.00053
 0.91453 -0.00468
 0.67880  0.00404
 0.35609 -0.00195
 0.99572 -0.00318
 0.41658  0.00482
 0.29718 -0.00407
 0.22489 -0.00166
 0.15167  0.00070
 0.96084  0.00292
 0.51342  0.00497
 0.84865 -0.00471
 0.43623  0.00266
 0.99309 -0.00445
 0.35760  0.00475
 0.24914 -0.00288
 0.48373 -0.00012
 0.61103 -0.00496
 0.49849 -0.00406
 0.43728 -0.00518
 0.65234 -0.00486
 0.34879 -0.00311
 0.09449 -0.00305
 0.79942  0.00397
 0.59098  0.00172
 0.44511 -0.00410
 0.63072 -0.00489
 0.88047 -0.00364
 0.14728  0.00346
 0.16710  0.00317
 0.73571  0.00264
 0.80156 -0.00032
 0.46594  0.00157
 0.73871 -0.00479
 0.57044 -0.00059
 0.06251 -0.00453
 0.10616  0.00437
 0.94215  0.00413
 0.39714  0.00486
 0.56426 -0.00373
 0.85631 -0.00476
 0.60426  0.00285
 0.70889 -0.00381
 0.80264 -0.00146
 0.44567  0.00154
 0.86469 -0.00461
 0.78983  0.00306
 0.29798  0.00139
 0.43575 -0.00141
 0.82582 -0.00465
 0.89949  0.00205
 0.72809  0.00412
 0.65584 -0.00048
 0.61369 -0.00280
 0.63812 -0.00390
 0.07643 -0.00341
 0.01114  0.00425
 0.73661  0.00518
 0.93361 -0.00016
 0.12117  0.00454
 0.70355  0.00383
 0.98346 -0.00124
 0.46472  0.00489
 0.88471 -0.00461
 0.18598  0.00350
 0.32031  0.00212
 0.93774 -0.00202
 0.08975  0.00450
 0.18253  0.00443
 0.44011  0.00227
 0.94157 -0.00452
 0.02587  0.00442
 0.71346  0.00513
 0.30241 -0.00088
 0.23310 -0.00165
 0.94419  0.00045
 0.26254  0.00470
 0.46196 -0.00016
 0.68552 -0.00485
 0.14962 -0.00220
 0.88040  0.00283
 0.41897  0.00378
 0.22430 -0.00416
 0.06095  0.00059
 0.33663  0.00465
 0.67945 -0.00235
 0.10225 -0.00225
 0.72160  0.00387
 0.46898 -0.00069
 0.62994 -0.00492
 0.86342 -0.00365
 0.80372  0.00307
 0.66542  0.00180
 0.93458 -0.00243
 0.03649  0.00444
 0.67011  0.00507
 0.18560 -0.00214
 0.09110  0.00185
 0.05269  0.00428
 0.56050  0.00492
 0.17996 -0.00438
 0.12748  0.00190
 0.48046  0.00356
 0.77274 -0.00476
 0.50634  0.00047
 0.63978 -0.00495
 0.06749 -0.00343
 0.10532  0.00437
 0.95478  0.00415
 0.51704  0.00499
 0.86193 -0.00470
 0.72793  0.00299
 0.60351 -0.00054
 0.55294 -0.00399
 0.72615 -0.00490
 0.22193 -0.00099
 0.25463  0.00082
 0.49999 -0.00010
 0.60577 -0.00498
 0.40430 -0.00417
 0.07925 -0.00431
 0.94079  0.00416
 0.38401  0.00485
 0.77147 -0.00347
 0.52610  0.00050
 0.71388 -0.00489
 0.89069 -0.00136
 0.43208  0.00378
 0.08073 -0.00434
 0.92204  0.00414
 0.15660  0.00460
 0.02270  0.00299
 0.66243  0.00508
 0.00192 -0.00235
 0.45885  0.00486
 0.91470 -0.00457
 0.68601  0.00405
 0.53795 -0.00175
 0.69386 -0.00492
 0.36036 -0.00197
 0.91148 -0.00328
 0.69289  0.00406
 0.71475 -0.00155
 0.05510 -0.00117
 0.31162  0.00463
 0.24584 -0.00165
 0.61988  0.00005
 0.87452 -0.00363
 0.03187  0.00333
 0.64458  0.00504
 0.59376 -0.00281
 0.29711 -0.00428
 0.21777 -0.00167
 0.33019  0.00092
 0.66341 -0.00236
 0.71129 -0.00269
 0.91376 -0.00133
 0.80900  0.00420
 0.84965  0.00201
 0.74271  0.00302
 0.01023 -0.00008
 0.55473  0.00496
 0.12182 -0.00444
 0.31298  0.00337
 0.16060 -0.00175
 0.66948  0.00256
 0.06463 -0.00228
 0.18122  0.00446
 0.47171  0.00231
 0.74585 -0.00479
 0.76703 -0.00037
 0.53585  0.00051
 0.77440 -0.00483
 0.54883  0.00052
 0.87815 -0.00472
 0.05693  0.00335
 0.48779  0.00483
 0.81438 -0.00472
 0.61044  0.00172
 0.77008 -0.00374
 0.47672  0.00044
 0.65058 -0.00490
 0.30693 -0.00316
 0.02846 -0.00190
 0.43738  0.00480
 0.07312 -0.00436
 0.00759  0.00425
 0.73858  0.00518
 0.98812 -0.00010
 0.52870  0.00496
 0.91682 -0.00465
 0.71307  0.00408
 0.24754 -0.00094
 0.60637  0.00003
 0.62634 -0.00391
 0.83371 -0.00369
 0.13168  0.00232
 0.42112  0.00348
 0.18656 -0.00421
 0.98136  0.00172
 0.58170  0.00503
 0.44857 -0.00409
 0.60475 -0.00492
 0.38908 -0.00418
 0.30727 -0.00403
 0.98354 -0.00195
 0.43497  0.00485
 0.09783 -0.00433
 0.69854  0.00385
 0.85265 -0.00139
 0.66624  0.00292
 0.00173 -0.00236
 0.45852  0.00486
 0.91663 -0.00457
 0.71390  0.00408
 0.26989 -0.00092
 0.03807 -0.00067
 0.44618  0.00480
 0.99841 -0.00446
 0.36645  0.00476
 0.07903 -0.00309
 0.99505  0.00422
 0.72788  0.00519
 0.69520 -0.00043
 0.58470 -0.00170
 0.20708 -0.00437
 0.48068  0.00111
 0.66874 -0.00489
 0.73199 -0.00268
 0.47530 -0.00070
 0.60685 -0.00495
 0.42430 -0.00414
 0.82816 -0.00463
 0.95752  0.00212
 0.45387  0.00491
 0.94742 -0.00453
 0.08442  0.00448
 0.25001  0.00452
 0.77397  0.00022
 0.75051  0.00076
 0.12949  0.00005
 0.36585  0.00342
 0.03396 -0.00314
 0.36200  0.00471
 0.16168 -0.00299
 0.59396  0.00247
 0.52353 -0.00401
 0.51030 -0.00512
 0.41290 -0.00522
 0.91923 -0.00451
 0.75290  0.00413
 0.33759  0.00030
 0.47483 -0.00259
 0.52835 -0.00505
 0.49223 -0.00515
 0.38988 -0.00523
 0.25034 -0.00409
 0.40179 -0.00021
 0.28180 -0.00407
 0.60495 -0.00119
 0.55025 -0.00399
 0.70047 -0.00493
 0.53238 -0.00177
 0.65491 -0.00496
 0.40274 -0.00305
 0.14852 -0.00423
 0.81718  0.00275
 0.99695  0.00218
 0.64460  0.00509
 0.59592 -0.00281
 0.33147 -0.00424
 0.41712 -0.00265
 0.97519 -0.00445
 0.29253  0.00470
 0.70895 -0.00108
 0.91939 -0.00132
 0.88975  0.00429
 0.65385  0.00404
 0.75914 -0.00263
 0.22401  0.00016
 0.25041  0.00082
 0.60742  0.00003
 0.64468 -0.00389
 0.21887 -0.00325
 0.23556  0.00081
 0.98552  0.00049
 0.54529  0.00498
 0.03571 -0.00453
 0.29504  0.00463
 0.64451 -0.00116
 0.33024 -0.00312
 0.49164 -0.00256
 0.49950 -0.00510
 0.39433 -0.00523
 0.18067 -0.00418
 0.11944  0.00189
 0.62144  0.00374
 0.06017 -0.00341
 0.17432  0.00446
 0.62928  0.00250
 0.16329 -0.00330
 0.54593  0.00242
 0.93279 -0.00465
 0.92179  0.00431
 0.16051  0.00460
 0.93975  0.00288
 0.31896  0.00477
 0.08051 -0.00185
 0.02987  0.00426
 0.69223  0.00510
 0.74171 -0.00151
 0.79131 -0.00033
 0.19430  0.00126
 0.02896  0.00177
 0.59049  0.00498
 0.57561 -0.00395
 0.98678 -0.00462
 0.33344  0.00473
 0.75245 -0.00226
 0.05538 -0.00004
 0.35729  0.00468
 0.25201 -0.00287
 0.41053 -0.00021
 0.16186 -0.00422
 0.53798  0.00241
 0.86956 -0.00472
 0.88605  0.00316
 0.53916  0.00391
 0.94177 -0.00463
 0.02310  0.00442
 0.72181  0.00515
 0.52829 -0.00062
 0.67879 -0.00493
 0.97667 -0.00240
 0.38654  0.00481
 0.72806 -0.00353
 0.33203 -0.00086
 0.54742 -0.00250
 0.73821 -0.00488
 0.55285 -0.00061
 0.86791 -0.00474
 0.85147  0.00312
 0.83046  0.00312
 0.34061  0.00257
 0.50580 -0.00256
 0.51082 -0.00510
 0.41524 -0.00522
 0.88982 -0.00455
 0.28205  0.00361
 0.92305 -0.00082
 0.96098  0.00437
 0.57566  0.00505
 0.36729 -0.00418
 0.68619 -0.00355
 0.22132 -0.00212
 0.22215  0.00079
 0.32385  0.00091
 0.80530 -0.00218
 0.48459  0.00159
 0.68154 -0.00488
 0.04782 -0.00232
 0.31717  0.00464
 0.11646 -0.00181
 0.51546  0.00361
 0.79817 -0.00478
 0.18857  0.00125
 0.16449  0.00194
 0.74100  0.00264
 0.94719 -0.00015
 0.26701  0.00470
 0.34829 -0.00030
 0.22359 -0.00290
 0.13203  0.00068
 0.34545  0.00340
 0.43859 -0.00264
 0.74770 -0.00474
 0.81975 -0.00031
 0.93230  0.00210
 0.20099  0.00464
 0.01017  0.00174
 0.63153  0.00506
 0.31709 -0.00312
 0.79052 -0.00219
 0.09498  0.00114
 0.96987  0.00418
 0.62723  0.00510
 0.23176 -0.00322
 0.91208  0.00041
 0.85764  0.00426
 0.01416  0.00333
 0.69451  0.00512
 0.80159 -0.00145
 0.41885  0.00151
 0.13011 -0.00427
 0.17200  0.00319
 0.62794  0.00250
 0.13643 -0.00333
 0.09341  0.00309
 0.07384  0.00430
 0.36555  0.00467
 0.09223 -0.00307
 0.82947  0.00401
 0.35435  0.00258
 0.22207 -0.00291
 0.16987  0.00072
 0.57136  0.00244
 0.20191 -0.00437
 0.60771  0.00126
 0.70197 -0.00382
 0.61874 -0.00167
 0.78017 -0.00374
 0.75146  0.00075
 0.15525  0.00008
 0.86039  0.00280
 0.01174  0.00332
 0.69706  0.00513
 0.86806 -0.00137
 0.99683  0.00330
 0.69167  0.00514
 0.72866 -0.00153
 0.43282 -0.00074
 0.88235 -0.00458
 0.14319  0.00345
 0.24840  0.00327
 0.76223  0.00021
 0.42875  0.00039
 0.97166 -0.00447
 0.27266  0.00468
 0.20436 -0.00047
 0.71224  0.00138
 0.11156 -0.00110
 0.62580  0.00375
 0.14640 -0.00332
 0.89865  0.00285
 0.74789  0.00414
 0.20034  0.00014
 0.83599  0.00154
 0.40644  0.00264
 0.33687 -0.00401
 0.30841 -0.00278
 0.00889 -0.00192
 0.47751  0.00488
 0.83565 -0.00469
 0.13571  0.00232
 0.34555  0.00339
 0.43630 -0.00264
 0.76854 -0.00472
 0.39343  0.00034
 0.43008 -0.00389
 0.77711 -0.00470
 0.62789  0.00061
 0.05539 -0.00343
 0.21401  0.00451
 0.68457  0.00134
 0.38679 -0.00192
 0.43993 -0.00387
 0.68404 -0.00482
 0.11311 -0.00224
 0.55238  0.00366
 0.04387 -0.00453
 0.24967  0.00457
 0.78464  0.00024
 0.04001  0.00109
 0.50970  0.00488
 0.83363 -0.00473
 0.08576  0.00226
 0.13934  0.00439
 0.36331  0.00341
 0.08147 -0.00308
 0.96642  0.00419
 0.60610  0.00508
 0.83479 -0.00366
 0.15852  0.00235
 0.88695  0.00282
 0.54137  0.00392
 0.95872 -0.00462
 0.17901  0.00458
 0.52785  0.00238
 0.80284 -0.00478
 0.31073  0.00138
 0.12993 -0.00179
 0.28014  0.00332
 0.95883 -0.00077
 0.34226  0.00477
 0.56399 -0.00249
 0.90575 -0.00471
 0.54441  0.00390
 0.98251 -0.00459
 0.31959  0.00472
 0.06407 -0.00187
 0.20387  0.00449
 0.93381  0.00165
 0.19980  0.00464
 0.03893  0.00178
 0.54468  0.00492
 0.02791 -0.00454
 0.32796  0.00468
 0.87192 -0.00211
 0.04414  0.00335
 0.58058  0.00496
 0.42984 -0.00411
 0.77030 -0.00471
 0.44210  0.00040
 0.84550 -0.00463
 0.36789  0.00258
 0.96027 -0.00323
 0.24939  0.00466
 0.79589  0.00025
 0.34059  0.00143
 0.45804 -0.00261
 0.60379 -0.00494
 0.37203 -0.00420
 0.59781 -0.00366
 0.32593 -0.00425
 0.54062 -0.00250
 0.68210 -0.00494
 0.05928 -0.00231
 0.22884  0.00452
 0.31294  0.00089
 0.05670 -0.00187
 0.26888  0.00457
 0.29558 -0.00036
 0.42063 -0.00142
 0.98496 -0.00444
 0.33497  0.00474
 0.71920 -0.00230
 0.14340 -0.00107
 0.05327  0.00304
 0.50368  0.00485
 0.81995 -0.00474
 0.75032  0.00188
 0.17158  0.00010
 0.50694  0.00236
 0.72079 -0.00486
 0.07839 -0.00115
 0.08431  0.00433
 0.24483  0.00451
 0.90593  0.00039
 0.76223  0.00415
 0.59515  0.00059
 0.46264 -0.00409
 0.51609 -0.00505
 0.43475 -0.00520
 0.67509 -0.00483
 0.88950 -0.00250
 0.36293  0.00370
 0.10130 -0.00306
 0.70167  0.00385
 0.93494 -0.00130
 0.08865  0.00450
 0.19704  0.00445
 0.09777  0.00185
 0.96022  0.00416
 0.56123  0.00503
 0.19259 -0.00436
 0.83209  0.00154
 0.31347  0.00253
 0.11391 -0.00181
 0.55776  0.00367
 0.09788 -0.00447
 0.69179  0.00384
 0.67705 -0.00159
 0.07468 -0.00228
 0.07839  0.00433
 0.31560  0.00460
 0.15136 -0.00177
 0.86320  0.00280
 0.07178  0.00339
 0.34910  0.00465
 0.41574 -0.00267
 0.99122 -0.00443
 0.35421  0.00475
 0.31629 -0.00280
 0.82310 -0.00215
 0.93761  0.00210
 0.26239  0.00471
 0.46610 -0.00015
 0.66527 -0.00487
 0.64911 -0.00277
 0.36405 -0.00309
 0.79317 -0.00342
 0.11336  0.00116
 0.69226  0.00383
 0.68847 -0.00158
 0.36298 -0.00196
 0.86137 -0.00334
 0.77347  0.00304
 0.85560  0.00088
 0.82725  0.00311
 0.26229  0.00248
 0.37453 -0.00026
 0.71940 -0.00352
 0.09701 -0.00113
 0.84543  0.00403
 0.73191  0.00301
 0.71339 -0.00041
 0.06636 -0.00116
 0.21224  0.00449
 0.72792  0.00139
 0.53621 -0.00062
 0.72905 -0.00488
 0.30204 -0.00090
 0.24117 -0.00164
 0.73938  0.00019
 0.79921 -0.00032
 0.40403  0.00150
 0.32233 -0.00403
 0.63174 -0.00239
 0.00728 -0.00349
 0.41210  0.00480
 0.35279 -0.00400
 0.97531 -0.00320
 0.34615  0.00476
 0.48155 -0.00259
 0.51063 -0.00507
 0.41592 -0.00522
 0.88131 -0.00456
 0.12433  0.00343
 0.60129  0.00371
 0.69468 -0.00382
 0.42825 -0.00189
 0.88072 -0.00458
 0.11237  0.00342
 0.80352  0.00396
 0.69744  0.00184
 0.73893 -0.00152
 0.71442 -0.00042
 0.09376 -0.00112
 0.89088  0.00408
 0.66545  0.00406
 0.03057 -0.00232
 0.41143  0.00477
 0.36029 -0.00399
 0.82719 -0.00338
 0.98659  0.00215
 0.61901  0.00507
 0.06989 -0.00340
 0.08219  0.00434
 0.27113  0.00455
 0.23740 -0.00043
 0.88639  0.00037
 0.42763  0.00378
 0.12663 -0.00428
 0.23443  0.00327
 0.11836  0.00065
 0.58731  0.00370
 0.47328 -0.00406
 0.47119 -0.00511
 0.43451 -0.00515
 0.67965 -0.00482
 0.00284 -0.00237
 0.45859  0.00486
 0.91615 -0.00457
 0.70708  0.00408
 0.08732 -0.00112
 0.97652  0.00419
 0.66419  0.00513
 0.04605 -0.00230
 0.32985  0.00466
 0.82873 -0.00216
 0.07562  0.00226
 0.25960  0.00454
 0.52996 -0.00007
 0.71159 -0.00489
 0.82894 -0.00143
 0.11147  0.00230
 0.77079  0.00392
 0.81976  0.00084
 0.98113  0.00216
 0.59901  0.00505
 0.71363 -0.00379
 0.93008 -0.00132
 0.02996  0.00444
 0.69938  0.00511
 0.92805 -0.00130
 0.00528  0.00441
 0.74586  0.00520
 0.18868  0.00013
 0.11460  0.00188
 0.70211  0.00384
 0.94575 -0.00128
 0.20504  0.00463
 0.91113  0.00162
 0.89451  0.00430
 0.73850  0.00414
 0.94176 -0.00015
 0.21216  0.00464
 0.73610  0.00140
 0.76029 -0.00036
 0.35116  0.00030
 0.19012 -0.00294
 0.95093  0.00168
 0.37935  0.00483
 0.84981 -0.00338
 0.51892  0.00275
 0.77519 -0.00481
 0.57104  0.00055
 0.11800 -0.00446
 0.37746  0.00345
 0.82444 -0.00340
 0.91819  0.00208
 0.01665  0.00444
 0.73752  0.00517
 0.95853 -0.00013
 0.36691  0.00480
 0.07249 -0.00310
 0.06758  0.00432
 0.43134  0.00475
 0.12907 -0.00429
 0.19025  0.00322
 0.20788  0.00199
 0.72963  0.00140
 0.58308 -0.00057
 0.23175 -0.00434
 0.86472  0.00035
 0.00024  0.00330
 0.69625  0.00514
 0.84759 -0.00139
 0.55236  0.00280
 0.00706 -0.00457
 0.36630  0.00475
 0.08143 -0.00309
 0.96679  0.00419
 0.60854  0.00508
 0.87789 -0.00361
 0.09856  0.00340
 0.01463  0.00422
 0.73167  0.00517
 0.79799 -0.00031
 0.37221  0.00146
 0.83386 -0.00339
 0.14795  0.00234
 0.10601  0.00309
 0.89043  0.00407
 0.65691  0.00405
 0.82948 -0.00255
 0.07765  0.00226
 0.23674  0.00451
 0.11189  0.00064
 0.69395  0.00383
 0.73233 -0.00153
 0.53318 -0.00063
 0.70829 -0.00490
 0.74047 -0.00153
 0.75642 -0.00037
 0.24433  0.00018
 0.73582  0.00019
 0.70113 -0.00043
 0.73959 -0.00153
 0.73244 -0.00040
 0.58393 -0.00057
 0.24391 -0.00433
 0.55593 -0.00003
 0.92318 -0.00468
 0.79971  0.00418
 0.60725  0.00174
 0.71393 -0.00380
 0.93761 -0.00131
 0.11856  0.00454
 0.74807  0.00389
 0.19420  0.00013
 0.98359  0.00172
 0.59017  0.00504
 0.57287 -0.00395
 0.95125 -0.00466
 0.11424  0.00451
 0.81945  0.00398
 0.10557  0.00230
 0.86382  0.00404
 0.13698  0.00347
 0.36995  0.00342
 0.95774 -0.00324
 0.22954  0.00464
 0.30045  0.00087
 0.35419 -0.00151
 0.05250 -0.00311
 0.25011  0.00456
 0.77282  0.00022
 0.71914  0.00072
 0.26937 -0.00092
 0.05093 -0.00065
 0.36561  0.00469
 0.09229 -0.00307
 0.82870  0.00401
 0.33577  0.00256
 0.61008 -0.00243
 0.58833 -0.00396
 0.16527 -0.00443
 0.45520  0.00231
 0.82902 -0.00467
 0.97689  0.00214
 0.57928  0.00503
 0.41521 -0.00412
 0.93651 -0.00449
 0.97162  0.00436
 0.64545  0.00512
 0.61586 -0.00279
 0.67887 -0.00386
 0.02412 -0.00234
 0.43323  0.00480
 0.11258 -0.00431
 0.47401  0.00357
 0.79113 -0.00473
 0.00374  0.00104
 0.60285  0.00503
 0.77699 -0.00372
 0.66568  0.00065
 0.89252 -0.00248
 0.41728  0.00376
 0.24399 -0.00413
 0.56208 -0.00002
 0.98868 -0.00461
 0.34000  0.00474
 0.61039 -0.00243
 0.59370 -0.00395
 0.24803 -0.00434
 0.45055 -0.00015
 0.75639 -0.00475
 0.05859 -0.00004
 0.33056  0.00464
 0.81251 -0.00218
 0.67011  0.00180
 0.04732 -0.00231
 0.32117  0.00465
 0.02459 -0.00192
 0.44962  0.00482
 0.97330 -0.00449
 0.28085  0.00469
 0.99868 -0.00073
 0.52439  0.00494
 0.89279 -0.00467
 0.32950  0.00366
 0.79437 -0.00220
 0.19679  0.00126
 0.96908  0.00170
 0.51781  0.00497
 0.86425 -0.00470
 0.77688  0.00304
 0.94840  0.00099
 0.32661  0.00477
 0.90606 -0.00207
 0.66073  0.00403
 0.91790 -0.00245
 0.82143  0.00421
 0.16496  0.00237
 0.74908  0.00265
 0.16994  0.00010
 0.54354  0.00241
 0.91230 -0.00467
 0.64626  0.00401
 0.58707 -0.00282
 0.19448 -0.00439
 0.78588  0.00148
 0.12581  0.00119
 0.48033  0.00356
 0.77311 -0.00476
 0.51641  0.00048
 0.66942 -0.00493
 0.74674 -0.00266
 0.88131 -0.00023
 0.30697  0.00365
 0.31456 -0.00156
 0.91549 -0.00204
 0.80418  0.00419
 0.72458  0.00187
 0.46537 -0.00070
 0.64563 -0.00490
 0.19706 -0.00328
 0.77082  0.00146
 0.71685  0.00072
 0.20730 -0.00099
 0.61820  0.00127
 0.89413 -0.00360
 0.39808  0.00374
 0.50284 -0.00381
 0.45293 -0.00517
 0.52822 -0.00502
 0.49259 -0.00515
 0.38981 -0.00523
 0.25144 -0.00409
 0.37368 -0.00025
 0.73519 -0.00350
 0.52825 -0.00064
 0.67790 -0.00493
 0.95447 -0.00242
 0.23693  0.00466
 0.11330  0.00064
 0.67123  0.00380
 0.15928 -0.00218
 0.67980  0.00258
 0.31899 -0.00200
 0.79411 -0.00219
 0.19035  0.00125
 0.12255  0.00188
 0.56741  0.00367
 0.20569 -0.00436
 0.51562  0.00115
 0.69475 -0.00490
 0.38436 -0.00194
 0.47928 -0.00382
 0.46396 -0.00513
 0.46545 -0.00511
 0.45905 -0.00512
 0.49215 -0.00507
 0.39335 -0.00523
 0.19601 -0.00416
 0.75883  0.00145
 0.38753  0.00035
 0.52377 -0.00377
 0.52179 -0.00511
 0.45561 -0.00519
 0.50994 -0.00504
 0.41530 -0.00522
 0.88906 -0.00455
 0.26832  0.00359
 0.26824 -0.00039
 0.10212 -0.00059
 0.79387  0.00396
 0.44391  0.00155
 0.87919 -0.00460
 0.08219  0.00338
 0.23081  0.00450
 0.26218  0.00082
 0.30733 -0.00034
 0.13782 -0.00177
 0.13263  0.00314
 0.43824  0.00350
 0.01035 -0.00443
 0.37067  0.00475
 0.00069 -0.00319
 0.42256  0.00482
 0.22638 -0.00416
 0.00839  0.00053
 0.58136  0.00500
 0.44254 -0.00409
 0.65209 -0.00486
 0.34293 -0.00312
 0.21665 -0.00290
 0.30610  0.00089
 0.21906 -0.00167
 0.29744  0.00088
 0.42760 -0.00142
 0.90734 -0.00454
 0.57624  0.00393
 0.32781 -0.00422
 0.49945 -0.00255
 0.50202 -0.00511
 0.39690 -0.00523
 0.14158 -0.00423
 0.95584  0.00292
 0.47436  0.00493
 0.84758 -0.00467
 0.41384  0.00263
 0.23906 -0.00414
 0.68771  0.00014
 0.41568 -0.00189
 0.02483 -0.00439
 0.34463  0.00470
 0.51075 -0.00255
 0.52265 -0.00509
 0.46036 -0.00518
 0.48201 -0.00508
 0.40447 -0.00520
 0.03324 -0.00437
 0.31354  0.00465
 0.20171 -0.00170
 0.72492  0.00140
 0.45465 -0.00071
 0.70506 -0.00481
 0.65832 -0.00163
 0.62259 -0.00279
 0.80689 -0.00371
 0.46106  0.00156
 0.76278 -0.00475
 0.23404  0.00016
 0.99705  0.00051
 0.57422  0.00500
 0.34658 -0.00420
 0.09424 -0.00305
 0.80298  0.00398
 0.68434  0.00182
 0.40151 -0.00191
 0.21430 -0.00415
 0.31173  0.00090
 0.08582 -0.00184
 0.96543  0.00418
 0.59926  0.00507
 0.71854 -0.00379
 0.06240 -0.00117
 0.24915  0.00454
 0.79699  0.00025
 0.36973  0.00146
 0.87903 -0.00333
 0.13272  0.00344
 0.44938  0.00352
 0.91988 -0.00455
 0.76020  0.00413
 0.53848  0.00052
 0.79366 -0.00481
 0.06794  0.00111
 0.29227  0.00459
 0.71083 -0.00108
 0.96976 -0.00127
 0.39677  0.00483
 0.56840 -0.00373
 0.90520 -0.00471
 0.53545  0.00389
 0.91408 -0.00466
 0.67307  0.00404
 0.21423 -0.00211
 0.39959  0.00100
 0.36514 -0.00397
 0.73520 -0.00349
 0.52885 -0.00064
 0.68135 -0.00493
 0.04081 -0.00233
 0.36094  0.00470
 0.18173 -0.00296
 0.14654  0.00192
 0.11715  0.00311
 0.71163  0.00384
 0.19910 -0.00100
 0.81808  0.00152
 0.96746  0.00214
 0.52639  0.00498
 0.90487 -0.00466
 0.53222  0.00388
 0.89261 -0.00468
 0.32593  0.00365
 0.87433 -0.00210
 0.09250  0.00340
 0.09917  0.00433
 0.04489  0.00426
 0.61434  0.00499
 0.97923 -0.00350
 0.35202  0.00476
 0.36097 -0.00274
 0.86681 -0.00333
 0.88801  0.00317
 0.57517  0.00395
 0.31468 -0.00424
 0.79969 -0.00218
 0.33821  0.00142
 0.50884 -0.00255
 0.51783 -0.00510
 0.43918 -0.00520
 0.63431 -0.00488
 0.95517 -0.00355
 0.19525  0.00461
 0.14733  0.00191
 0.10045  0.00309
 0.97380  0.00417
 0.64945  0.00512
 0.70492 -0.00269
 0.74455 -0.00153
 0.86901 -0.00025
 0.06372  0.00337
 0.42866  0.00475
 0.15671 -0.00425
 0.64668  0.00254
 0.53440 -0.00288
 0.62108 -0.00501
 0.68412 -0.00386
 0.15596 -0.00219
 0.74938  0.00266
 0.17866  0.00011
 0.34706  0.00216
 0.35305 -0.00274
 0.02317 -0.00314
 0.40240  0.00477
 0.48351 -0.00383
 0.45440 -0.00514
 0.51954 -0.00503
 0.44900 -0.00519
 0.55491 -0.00498
 0.70349 -0.00493
 0.61185 -0.00168
 0.65173 -0.00388
 0.37612 -0.00308
 0.57233 -0.00370
 0.95492 -0.00466
 0.14643  0.00455
 0.23019  0.00324
 0.22488  0.00078
 0.25486  0.00082
 0.49388 -0.00011
 0.60247 -0.00498
 0.34780 -0.00423
 0.06764 -0.00308
 0.11837  0.00438
 0.74485  0.00388
 0.10563  0.00003
 0.76699  0.00392
 0.71589  0.00073
 0.18160 -0.00102
 0.23130  0.00202
 0.14520  0.00068
 0.09167  0.00308
 0.09690  0.00433
 0.07730  0.00430
 0.32696  0.00462
 0.89174 -0.00208
 0.42033  0.00377
 0.20771 -0.00418
 0.47342  0.00110
 0.68875 -0.00485
 0.23152 -0.00211
 0.96494  0.00047
 0.43929  0.00488
 0.05914 -0.00438
 0.14254  0.00442
 0.30229  0.00333
 0.41372 -0.00144
 0.06851 -0.00434
 0.05658  0.00431
 0.53095  0.00488
 0.92687 -0.00464
 0.84930  0.00423
 0.82866  0.00312
 0.29708  0.00252
 0.50551 -0.00133
 0.56219 -0.00504
 0.77781 -0.00485
 0.64044  0.00062
 0.31722 -0.00313
 0.78718 -0.00220
 0.00545  0.00104
 0.60353  0.00503
 0.78854 -0.00371
 0.97777  0.00101
 0.53575  0.00498
 0.96234 -0.00461
 0.20669  0.00461
 0.86994  0.00157
 0.15931  0.00348
 0.91817  0.00286
 0.04935  0.00448
 0.59354  0.00496
 0.62197 -0.00390
 0.74829 -0.00378
 0.87649 -0.00024
 0.21371  0.00354
 0.65120  0.00130
 0.58311 -0.00283
 0.13654 -0.00446
 0.04372  0.00303
 0.57003  0.00494
 0.29121 -0.00426
 0.36338 -0.00149
 0.87354 -0.00333
 0.02503  0.00332
 0.66972  0.00508
 0.17662 -0.00215
 0.29791  0.00211
 0.46817 -0.00137
 0.60462 -0.00495
 0.38586 -0.00419
 0.35953 -0.00396
 0.84327 -0.00336
 0.37041  0.00259
 0.91410 -0.00329
 0.73139  0.00411
 0.74547 -0.00038
 0.94270 -0.00016
 0.22167  0.00465
 0.49929  0.00111
 0.65651 -0.00492
 0.44139 -0.00300
 0.70782 -0.00479
 0.73261 -0.00154
 0.54025 -0.00062
 0.75858 -0.00485
 0.11468  0.00003
 0.62254  0.00374
 0.08194 -0.00339
 0.94785  0.00416
 0.45552  0.00492
 0.93738 -0.00454
 0.97946  0.00437
 0.68549  0.00515
 0.57119 -0.00171
 0.02477 -0.00457
 0.33707  0.00469
 0.67170 -0.00236
 0.91058 -0.00247
 0.71358  0.00409
 0.26156 -0.00093
 0.24934 -0.00041
 0.58292  0.00000
 0.25345 -0.00432
 0.31276 -0.00032
 0.01000 -0.00193
 0.47672  0.00487
 0.83779 -0.00468
 0.18642  0.00238
 0.26266  0.00205
 0.34720 -0.00029
 0.24623 -0.00287
 0.55827 -0.00003
 0.94728 -0.00465
 0.07780  0.00448
 0.32873  0.00462
 0.85228 -0.00213
 0.62644  0.00288
 0.12229 -0.00335
 0.35108  0.00341
 0.32308 -0.00278
 0.66706 -0.00235
 0.79893 -0.00260
 0.30057  0.00138
 0.37265 -0.00149
 0.70134 -0.00354
 0.61399 -0.00167
 0.69107 -0.00384
 0.33410 -0.00199
 0.45405 -0.00261
 0.62882 -0.00490
 0.84144 -0.00368
 0.31454  0.00252
 0.08842 -0.00184
 0.93210  0.00414
 0.28485  0.00474
 0.90083 -0.00085
 0.62788  0.00400
 0.19854 -0.00326
 0.73611  0.00142
 0.76121 -0.00036
 0.37637  0.00033
 0.71193 -0.00353
 0.89542 -0.00136
 0.51534  0.00387
 0.80873 -0.00476
 0.46411  0.00156
 0.74702 -0.00478
 0.79975 -0.00033
 0.41786  0.00151
 0.14211 -0.00425
 0.94441  0.00291
 0.36881  0.00482
 0.03800 -0.00314
 0.34206  0.00468
 0.56413 -0.00249
 0.90740 -0.00470
 0.57044  0.00393
 0.25334 -0.00430
 0.31625 -0.00032
 0.92849 -0.00203
 0.98019  0.00438
 0.68914  0.00516
 0.66451 -0.00160
 0.76917 -0.00263
 0.49894  0.00047
 0.62894 -0.00496
 0.84153 -0.00368
 0.31660  0.00252
 0.04042 -0.00190
 0.38135  0.00472
 0.81130 -0.00342
 0.58665  0.00170
 0.37926 -0.00417
 0.47123 -0.00382
 0.48881 -0.00509
 0.39454 -0.00522
 0.17804 -0.00418
 0.17978  0.00197
 0.39949  0.00222
 0.41817 -0.00391
 0.90937 -0.00453
 0.60814  0.00397
 0.82377 -0.00368
 0.89006  0.00204
 0.56473  0.00394
 0.18570 -0.00438
 0.99428  0.00174
 0.62150  0.00506
 0.11735 -0.00335
 0.43575  0.00352
 0.03398 -0.00440
 0.30863  0.00465
 0.31744 -0.00156
 0.84833 -0.00212
 0.53816  0.00278
 0.88645 -0.00470
 0.21458  0.00353
 0.62920  0.00127
 0.10991 -0.00336
 0.55669  0.00367
 0.08695 -0.00448
 0.83940  0.00403
 0.59232  0.00285
 0.51378 -0.00402
 0.46990 -0.00516
 0.43742 -0.00515
 0.65251 -0.00486
 0.35262 -0.00310
 0.01669 -0.00315
 0.41711  0.00479
 0.28975 -0.00408
 0.40696 -0.00143
 0.15782 -0.00422
 0.62430  0.00251
 0.06459 -0.00341
 0.13407  0.00440
 0.46468  0.00353
 0.82766 -0.00468
 0.94310  0.00210
 0.32134  0.00477
 0.02570 -0.00192
 0.44617  0.00482
 0.99912 -0.00446
 0.36734  0.00476
 0.06239 -0.00311
 0.16723  0.00445
 0.78706  0.00270
 0.20877  0.00128
 0.67803  0.00134
 0.22251 -0.00211
 0.19273  0.00075
 0.04488  0.00179
 0.51023  0.00487
 0.83483 -0.00473
 0.11453  0.00229
 0.72078  0.00386
 0.44610 -0.00072
 0.76590 -0.00473
 0.32052  0.00026
 0.85414 -0.00212
 0.66830  0.00292
 0.05116 -0.00230
 0.29421  0.00461
 0.66404 -0.00114
 0.77770 -0.00262
 0.73185  0.00073
 0.61556 -0.00053
 0.76847 -0.00375
 0.43240  0.00039
 0.93426 -0.00452
 0.94479  0.00434
 0.43285  0.00490
 0.12025 -0.00430
 0.34609  0.00341
 0.42580 -0.00266
 0.87449 -0.00458
 0.99098  0.00328
 0.67925  0.00513
 0.41340 -0.00189
 0.05389 -0.00435
 0.18672  0.00448
 0.34435  0.00215
 0.40910 -0.00267
 0.07655 -0.00432
 0.97135  0.00420
 0.63695  0.00511
 0.43211 -0.00299
 0.79435 -0.00468
 0.09159  0.00114
 0.01589  0.00423
 0.73014  0.00516
 0.75600 -0.00036
 0.23323  0.00017
 0.01801  0.00053
 0.56998  0.00497
 0.29183 -0.00426
 0.34820 -0.00151
 0.17450 -0.00296
 0.31206  0.00213
 0.12994 -0.00179
 0.27992  0.00332
 0.96422 -0.00077
 0.38214  0.00482
 0.80173 -0.00344
 0.33856  0.00142
 0.50121 -0.00256
 0.50342 -0.00511
 0.39893 -0.00523
 0.11144 -0.00427
 0.49408  0.00359
 0.75898 -0.00480
 0.12798  0.00004
 0.39293  0.00346
 0.56919 -0.00372
 0.91503 -0.00470
 0.68529  0.00405
 0.51947 -0.00177
 0.58654 -0.00503
 0.09340 -0.00451
 0.75283  0.00392
 0.32679  0.00028
 0.71253 -0.00230
 0.96381 -0.00128
 0.35774  0.00479
 0.24779 -0.00288
 0.51811 -0.00007
 0.65247 -0.00495
 0.34770 -0.00311
 0.11704 -0.00302
 0.45454  0.00354
 0.88535 -0.00460
 0.19838  0.00351
 0.02597  0.00176
 0.60076  0.00500
 0.74052 -0.00376
 0.66356 -0.00048
 0.79391 -0.00260
 0.16792  0.00123
 0.63585  0.00252
 0.29958 -0.00315
 0.20548 -0.00168
 0.63382  0.00129
 0.20543 -0.00326
 0.56850  0.00121
 0.11507 -0.00446
 0.42647  0.00351
 0.12767 -0.00428
 0.21597  0.00325
 0.58247  0.00122
 0.29844 -0.00426
 0.18598 -0.00170
 0.10073  0.00186
 0.91796  0.00411
 0.09920  0.00454
 0.05316  0.00427
 0.55655  0.00492
 0.13812 -0.00442
 0.01481  0.00300
 0.67966  0.00511
 0.42245 -0.00188
 0.94493 -0.00449
 0.06138  0.00446
 0.49604  0.00484
 0.81171 -0.00474
 0.54168  0.00165
 0.86541 -0.00473
 0.80002  0.00307
 0.56831  0.00169
 0.13301 -0.00444
 0.11096  0.00312
 0.81369  0.00397
 0.96009  0.00214
 0.47479  0.00493
 0.84600 -0.00467
 0.37765  0.00259
 0.78490 -0.00345
 0.89122  0.00091
 0.53762  0.00391
 0.93014 -0.00465
 0.89007  0.00428
 0.65912  0.00405
 0.88101 -0.00249
 0.20605  0.00353
 0.83966  0.00153
 0.49308  0.00274
 0.72275 -0.00484
 0.13213 -0.00109
 0.26897  0.00331
 0.23958 -0.00043
 0.83116  0.00030
 0.23891  0.00245
 0.96962  0.00047
 0.46918  0.00491
 0.86571 -0.00464
 0.81003  0.00308
 0.82881  0.00199
 0.25285  0.00246
 0.61465  0.00003
 0.77548 -0.00374
 0.62402  0.00061
 0.97835 -0.00351
 0.34751  0.00476
 0.45323 -0.00263
 0.63353 -0.00490
 0.93816 -0.00357
 0.02905  0.00443
 0.70246  0.00512
 0.00909 -0.00121
 0.50759  0.00491
 0.82992 -0.00473
 0.99625  0.00216
 0.64284  0.00508
 0.55736 -0.00285
 0.81838 -0.00480
 0.70799  0.00183
 0.01706 -0.00121
 0.49832  0.00489
 0.81523 -0.00473
 0.63147  0.00175
 0.17631 -0.00329
 0.25696  0.00206
 0.49260 -0.00012
 0.60246 -0.00498
 0.34775 -0.00423
 0.06865 -0.00308
 0.10832  0.00437
 0.90846  0.00409
 0.95813  0.00438
 0.55434  0.00503
 0.12055 -0.00444
 0.33480  0.00340
 0.66645 -0.00236
 0.78353 -0.00261
 0.88967  0.00091
 0.50993  0.00387
 0.79196 -0.00478
 0.02402  0.00106
 0.57726  0.00497
 0.38545 -0.00416
 0.36751 -0.00395
 0.69163 -0.00355
 0.36091 -0.00196
 0.90084 -0.00329
 0.52480  0.00388
 0.84994 -0.00473
 0.46469  0.00269
 0.79193 -0.00472
 0.02559  0.00106
 0.57244  0.00497
 0.32238 -0.00422
 0.62220 -0.00240
 0.81606 -0.00370
 0.69602  0.00182
 0.70124 -0.00157
 0.69485 -0.00158
 0.52712 -0.00177
 0.62371 -0.00499
 0.73578 -0.00380
 0.53179 -0.00063
 0.69915 -0.00491
 0.49852 -0.00181
 0.53249 -0.00507
 0.51631 -0.00513
 0.43208 -0.00521
 0.70109 -0.00479
 0.55461 -0.00174
 0.83723 -0.00478
 0.16935  0.00236
 0.65186  0.00253
 0.64995 -0.00275
 0.38373 -0.00306
 0.44215 -0.00386
 0.66520 -0.00485
 0.64866 -0.00277
 0.35399 -0.00310
 0.98925 -0.00318
 0.40180  0.00481
 0.49370 -0.00382
 0.44579 -0.00517
 0.58043 -0.00495
 0.00950 -0.00460
 0.36410  0.00474
 0.12277 -0.00304
 0.35575  0.00342
 0.22924 -0.00290
 0.98930  0.00050
 0.55752  0.00499
 0.15132 -0.00441
 0.75232  0.00267
 0.26005  0.00021
 0.33545 -0.00030
 0.49590 -0.00256
 0.49928 -0.00510
 0.39392 -0.00523
 0.18702 -0.00417
 0.97192  0.00171
 0.53513  0.00499
 0.95838 -0.00461
 0.17666  0.00458
 0.58139  0.00244
 0.33493 -0.00422
 0.34186 -0.00274
 0.25503 -0.00285
 0.33439 -0.00030
 0.51920 -0.00253
 0.55311 -0.00507
 0.68218 -0.00496
 0.06050 -0.00230
 0.21818  0.00451
 0.58058  0.00121
 0.27174 -0.00429
 0.84859 -0.00089
 0.59627  0.00285
 0.57598 -0.00395
 0.99131 -0.00462
 0.34646  0.00474
 0.47435 -0.00260
 0.52943 -0.00504
 0.49861 -0.00514
 0.39165 -0.00523
 0.22211 -0.00413
 0.11729  0.00066
 0.60591  0.00372
 0.77423 -0.00373
 0.59039  0.00057
 0.38752 -0.00417
 0.33310 -0.00399
 0.39157 -0.00268
 0.33119 -0.00400
 0.43353 -0.00263
 0.79563 -0.00468
 0.12563  0.00117
 0.48301  0.00357
 0.76777 -0.00477
 0.37019  0.00032
 0.82224 -0.00340
 0.86390  0.00201
 0.05317  0.00337
 0.51840  0.00487
 0.86246 -0.00470
 0.73905  0.00300
 0.90866 -0.00019
 0.78044  0.00417
 0.09274  0.00115
 0.00103  0.00421
 0.73543  0.00519
 0.90176 -0.00020
 0.67064  0.00405
 0.15539 -0.00218
 0.76195  0.00268
 0.52533  0.00051
 0.71028 -0.00489
 0.79397 -0.00147
 0.21715  0.00128
 0.47021  0.00108
 0.69993 -0.00484
 0.52222 -0.00178
 0.59825 -0.00502
 0.27586 -0.00431
 0.74393 -0.00102
 0.87314 -0.00024
 0.14743  0.00347
 0.16426  0.00316
 0.79793  0.00271
 0.49846  0.00161
 0.67689 -0.00490
 0.93089 -0.00245
 0.99192  0.00439
 0.72857  0.00519
 0.71423 -0.00041
 0.08908 -0.00113
 0.95351  0.00416
 0.50694  0.00498
 0.83123 -0.00473
 0.02813  0.00220
 0.61163  0.00501
 0.93031 -0.00355
 0.93829  0.00433
 0.36425  0.00482
 0.12344 -0.00303
 0.34395  0.00340
 0.47039 -0.00260
 0.54356 -0.00502
 0.59882 -0.00504
 0.28430 -0.00430
 0.53281 -0.00128
 0.67836 -0.00494
 0.96565 -0.00241
 0.32234  0.00474
 0.00191 -0.00195
 0.47577  0.00488
 0.84093 -0.00468
 0.26028  0.00246
 0.42500 -0.00020
 0.98704 -0.00445
 0.34177  0.00474
 0.57285 -0.00248
 0.01310 -0.00459
 0.36147  0.00473
 0.17274 -0.00297
 0.35110  0.00218
 0.27040 -0.00285
 0.94371 -0.00078
 0.20597  0.00463
 0.88844  0.00159
 0.51643  0.00388
 0.81312 -0.00476
 0.57686  0.00169
 0.24118 -0.00433
 0.62567  0.00006
 0.98787 -0.00350
 0.38418  0.00479
 0.76633 -0.00348
 0.38516  0.00034
 0.56210 -0.00372
 0.83257 -0.00479
 0.05763  0.00223
 0.43447  0.00477
 0.09888 -0.00433
 0.68355  0.00383
 0.46641 -0.00183
 0.59309 -0.00496
 0.19589 -0.00440
 0.75168  0.00144
 0.19041  0.00012
 0.07361  0.00183
 0.26358  0.00455
 0.42891 -0.00020
 0.94503 -0.00450
 0.06205  0.00446
 0.49003  0.00483
 0.81234 -0.00473
 0.55811  0.00167
 0.01698 -0.00457
 0.35657  0.00472
 0.26814 -0.00286
 0.00068 -0.00071
 0.52723  0.00494
 0.90781 -0.00466
 0.57867  0.00393
 0.36056 -0.00419
 0.81370 -0.00340
 0.64908  0.00177
 0.55528 -0.00286
 0.79683 -0.00482
 0.15123  0.00120
 0.99118  0.00296
 0.66599  0.00512
 0.08847 -0.00225
 0.91393  0.00412
 0.04172  0.00447
 0.64287  0.00503
 0.55589 -0.00285
 0.80332 -0.00482
 0.32167  0.00140
 0.87593 -0.00210
 0.12434  0.00344
 0.60136  0.00371
 0.69589 -0.00382
 0.45975 -0.00185
 0.62612 -0.00491
 0.78680 -0.00374
 0.92988  0.00095
 0.12346  0.00455
 0.66403  0.00378
 0.98525 -0.00237
 0.42344  0.00484
 0.21729 -0.00417
 0.23621  0.00081
 0.96903  0.00047
 0.46572  0.00491
 0.88073 -0.00462
 0.11085  0.00342
 0.82794  0.00399
 0.31614  0.00254
 0.05188 -0.00188
 0.30646  0.00462
 0.36819 -0.00150
 0.78237 -0.00344
 0.82340  0.00083
 0.07134  0.00226
 0.30596  0.00460
 0.37904 -0.00149
 0.58852 -0.00368
 0.17974 -0.00441
 0.13110  0.00191
 0.41463  0.00348
 0.26474 -0.00411
 0.03421 -0.00066
 0.46545  0.00483
 0.87874 -0.00462
 0.07250  0.00337
 0.34077  0.00464
 0.58995 -0.00246
 0.25309 -0.00433
 0.32167 -0.00031
 0.80370 -0.00218
 0.44303  0.00154
 0.88592 -0.00459
 0.20955  0.00353
 0.75353  0.00143
 0.24077  0.00018
 0.82652  0.00030
 0.12564  0.00232
 0.53107  0.00362
 0.87437 -0.00470
 0.98352  0.00327
 0.65562  0.00511
 0.84476 -0.00253
 0.43979  0.00267
 0.96120 -0.00449
 0.20305  0.00461
 0.95884  0.00168
 0.44571  0.00490
 0.00596 -0.00445
 0.37165  0.00475
 0.98303 -0.00321
 0.38002  0.00479
 0.83683 -0.00339
 0.21839  0.00241
 0.48705  0.00110
 0.65776 -0.00491
 0.47099 -0.00297
 0.52564 -0.00504
 0.47745 -0.00517
 0.41179 -0.00519
 0.93512 -0.00449
 0.95590  0.00435
 0.53486  0.00501
 0.95729 -0.00461
 0.16796  0.00457
 0.77612  0.00268
 0.91279  0.00095
 0.89100  0.00430
 0.67665  0.00407
 0.30359 -0.00201
 0.15672 -0.00175
 0.75223  0.00267
 0.25738  0.00020
 0.40347 -0.00022
 0.25749 -0.00410
 0.21882 -0.00044
 0.35576  0.00095
 0.12485 -0.00302
 0.31957  0.00337
 0.00759 -0.00194
 0.47738  0.00488
 0.83608 -0.00469
 0.14590  0.00233
 0.14714  0.00315
 0.15665  0.00315
 0.96074  0.00291
 0.51244  0.00497
 0.84552 -0.00472
 0.36495  0.00258
 0.01526 -0.00316
 0.41878  0.00480
 0.26965 -0.00411
 0.90960 -0.00082
 0.76847  0.00416
 0.76628  0.00078
 0.56403  0.00055
 0.03446 -0.00455
 0.30001  0.00464
 0.52372 -0.00131
 0.62548 -0.00499
 0.77092 -0.00376
 0.49907  0.00047
 0.62896 -0.00496
 0.84203 -0.00368
 0.32813  0.00254
 0.77774 -0.00222
 0.74951  0.00075
 0.10170  0.00002
 0.82586  0.00400
 0.26549  0.00248
 0.29335 -0.00036
 0.47542 -0.00136
 0.57855 -0.00499
 0.98204 -0.00463
 0.31602  0.00472
 0.14660 -0.00177
 0.95988  0.00292
 0.50636  0.00497
 0.82965 -0.00473
 0.98964  0.00215
 0.62815  0.00508
 0.24922 -0.00320
 0.46820 -0.00013
 0.65670 -0.00489
 0.44732 -0.00300
 0.66013 -0.00486
 0.52832 -0.00291
 0.58241 -0.00504
 0.03316 -0.00458
 0.30505  0.00464
 0.40279 -0.00146
 0.21497 -0.00415
 0.29514  0.00088
 0.48391 -0.00135
 0.55866 -0.00502
 0.74040 -0.00489
 0.61245 -0.00054
 0.71056 -0.00381
 0.84704 -0.00141
 0.53917  0.00278
 0.89405 -0.00469
 0.35079  0.00368
 0.34048 -0.00276
 0.28357 -0.00282
 0.61381 -0.00118
 0.70849 -0.00382
 0.79166 -0.00147
 0.15557  0.00121
 0.90140  0.00284
 0.79319  0.00420
 0.43580  0.00154
 0.95008 -0.00450
 0.11043  0.00451
 0.88108  0.00405
 0.48371  0.00385
 0.77875 -0.00476
 0.66985  0.00066
 0.99302 -0.00237
 0.44539  0.00486
 0.00680 -0.00445
 0.37165  0.00475
 0.98290 -0.00321
 0.37952  0.00479
 0.84534 -0.00338
 0.41711  0.00264
 0.19866 -0.00419
 0.69386  0.00137
 0.62605 -0.00165
 0.92322 -0.00358
 0.84664  0.00423
 0.76839  0.00305
 0.71741  0.00073
 0.22254 -0.00098
 0.23958  0.00081
 0.88329  0.00037
 0.36976  0.00372
 0.97378 -0.00322
 0.33722  0.00475
 0.67094 -0.00236
 0.89205 -0.00249
 0.40862  0.00375
 0.35445 -0.00399
 0.94234 -0.00324
 0.08802  0.00449
 0.20473  0.00446
 0.91150  0.00162
 0.90019  0.00431
 0.83502  0.00425
 0.49787  0.00275
 0.72439 -0.00484
 0.17670 -0.00104
 0.34311  0.00216
 0.43564 -0.00264
 0.77483 -0.00471
 0.56559  0.00054
 0.05210 -0.00454
 0.19284  0.00449
 0.19998  0.00197
 0.92207  0.00164
 0.05148  0.00448
 0.57798  0.00494
 0.39376 -0.00415
 0.23525 -0.00412
 0.78546  0.00026
 0.06275  0.00111
 0.34223  0.00465
 0.55931 -0.00249
 0.85393 -0.00476
 0.55209  0.00279
 0.00419 -0.00458
 0.36599  0.00475
 0.08734 -0.00308
 0.89371  0.00409
 0.71586  0.00411
 0.32403 -0.00085
 0.72692 -0.00228
 0.35394 -0.00083
 0.08605 -0.00307
 0.91070  0.00412
 0.99356  0.00442
 0.73329  0.00519
 0.84348 -0.00026
 0.50610  0.00275
 0.73533 -0.00484
 0.47572 -0.00070
 0.60541 -0.00496
 0.39910 -0.00417
 0.15372 -0.00422
 0.71062  0.00262
 0.12022 -0.00109
 0.48209  0.00357
 0.76975 -0.00477
 0.42449  0.00038
 0.01710 -0.00441
 0.36301  0.00473
 0.14312 -0.00301
 0.97688  0.00295
 0.61341  0.00507
 0.96531 -0.00351
 0.27343  0.00469
 0.18512 -0.00050
 0.17185  0.00195
 0.57882  0.00244
 0.29962 -0.00426
 0.15769 -0.00174
 0.73200  0.00264
 0.70033 -0.00043
 0.71886 -0.00155
 0.16575 -0.00105
 0.58757  0.00246
 0.42505 -0.00412
 0.82090 -0.00464
 0.77799  0.00191
 0.93116  0.00097
 0.13954  0.00457
 0.36707  0.00341
 0.01077 -0.00317
 0.42370  0.00481
 0.21310 -0.00418
 0.34035  0.00094
 0.44249 -0.00263
 0.71429 -0.00479
 0.90587 -0.00135
 0.68825  0.00407
 0.59566 -0.00168
 0.37493 -0.00419
 0.54641 -0.00373
 0.67742 -0.00495
 0.94165 -0.00244
 0.11443  0.00453
 0.81671  0.00397
 0.03654  0.00222
 0.57617  0.00496
 0.37031 -0.00417
 0.63044 -0.00362
 0.92842 -0.00358
 0.91380  0.00431
 0.04774  0.00448
 0.60489  0.00498
 0.80982 -0.00369
 0.53762  0.00164
 0.83463 -0.00476
 0.10838  0.00229
 0.81958  0.00398
 0.10923  0.00231
 0.80701  0.00397
 0.78850  0.00194
 0.21555  0.00129
 0.51028  0.00113
 0.67711 -0.00491
 0.93581 -0.00245
 0.05016  0.00446
 0.58687  0.00496
 0.51986 -0.00401
 0.49358 -0.00514
 0.39013 -0.00523
 0.24640 -0.00410
 0.50211 -0.00009
 0.60879 -0.00498
 0.45728 -0.00411
 0.54519 -0.00500
 0.61306 -0.00503
 0.53230 -0.00402
 0.55918 -0.00508
 0.74355 -0.00489
 0.69921 -0.00045
 0.68881 -0.00158
 0.37136 -0.00195
 0.70532 -0.00354
 0.71930 -0.00156
 0.17749 -0.00103
 0.32549  0.00214
 0.82035 -0.00217
 0.86876  0.00202
 0.15432  0.00348
 0.02339  0.00299
 0.66062  0.00507
 0.95934 -0.00240
 0.27749  0.00470
 0.08332 -0.00062
 0.04794  0.00428
 0.59508  0.00497
 0.64657 -0.00387
 0.26112 -0.00321
 0.16418 -0.00051
 0.64466  0.00253
 0.48930 -0.00293
 0.48510 -0.00511
 0.39781 -0.00521
 0.12896 -0.00425
 0.19395  0.00322
 0.12001  0.00188
 0.61107  0.00372
 0.86587 -0.00363
 0.85594  0.00313
 0.92962  0.00323
 0.21634  0.00466
 0.63302  0.00128
 0.18818 -0.00328
 0.98256  0.00172
 0.58647  0.00503
 0.51731 -0.00401
 0.48301 -0.00515
 0.39976 -0.00521
 0.10032 -0.00428
 0.66440  0.00381
 0.99504 -0.00236
 0.44977  0.00486
 0.97368 -0.00449
 0.28292  0.00469
 0.94689 -0.00079
 0.23715  0.00466
 0.10820  0.00063
 0.75252  0.00390
 0.31762  0.00027
 0.92161 -0.00204
 0.89003  0.00429
 0.65883  0.00405
 0.87419 -0.00250
 0.07306  0.00338
 0.33504  0.00463
 0.71330 -0.00230
 0.98412 -0.00125
 0.46672  0.00489
 0.87544 -0.00463
 0.00792  0.00330
 0.69855  0.00514
 0.90736 -0.00133
 0.71237  0.00409
 0.22931 -0.00096
 0.06954  0.00060
 0.25453  0.00454
 0.65950  0.00008
 0.72243 -0.00268
 0.21484 -0.00099
 0.43165  0.00104
 0.96930 -0.00447
 0.25853  0.00466
 0.56257 -0.00003
 0.99351 -0.00460
 0.35221  0.00475
 0.35653 -0.00275
 0.95358 -0.00323
 0.19549  0.00461
 0.14183  0.00190
 0.20985  0.00322
 0.73347  0.00140
 0.68823 -0.00045
 0.40447 -0.00191
 0.17237 -0.00420
 0.30731  0.00212
 0.24229 -0.00165
 0.71063  0.00016
 0.01665 -0.00121
 0.49892  0.00489
 0.81575 -0.00474
 0.64454  0.00176
 0.45434 -0.00298
 0.61147 -0.00492
 0.50782 -0.00405
 0.45196 -0.00517
 0.53450 -0.00501
 0.53184 -0.00511
 0.51036 -0.00513
 0.41266 -0.00522
 0.92236 -0.00451
 0.79584  0.00417
 0.50512  0.00162
 0.68598 -0.00490
 0.15918 -0.00219
 0.68109  0.00258
 0.35144 -0.00196
 0.08881 -0.00306
 0.87546  0.00407
 0.37555  0.00373
 0.87006 -0.00335
 0.95417  0.00324
 0.47374  0.00494
 0.84969 -0.00467
 0.46160  0.00269
 0.80755 -0.00470
 0.43650  0.00153
 0.94284 -0.00451
 0.03932  0.00444
 0.65497  0.00505
 0.82712 -0.00255
 0.01999  0.00219
 0.63580  0.00505
 0.40555 -0.00302
 0.11019 -0.00428
 0.51372  0.00362
 0.79241 -0.00478
 0.03608  0.00107
 0.52987  0.00490
 0.92131 -0.00465
 0.77585  0.00415
 0.96731  0.00101
 0.47777  0.00492
 0.83704 -0.00469
 0.16873  0.00236
 0.66547  0.00255
 0.96740 -0.00239
 0.33445  0.00476
 0.73138 -0.00228
 0.47534 -0.00069
 0.60677 -0.00495
 0.42286 -0.00415
 0.84438 -0.00461
 0.34317  0.00255
 0.45091 -0.00262
 0.64959 -0.00487
 0.28602 -0.00318
 0.53744 -0.00128
 0.71004 -0.00491
 0.78703 -0.00148
 0.03157  0.00107
 0.55064  0.00493
 0.08120 -0.00448
 0.91050  0.00412
 0.99072  0.00442
 0.72658  0.00519
 0.65988 -0.00047
 0.70775 -0.00269
 0.81939 -0.00144
 0.87541  0.00203
 0.28847  0.00363
 0.76414 -0.00101
 0.42940  0.00039
 0.96481 -0.00448
 0.22942  0.00463
 0.30312  0.00087
 0.28970 -0.00159
 0.51341 -0.00131
 0.58332 -0.00503
 0.04689 -0.00456
 0.22878  0.00454
 0.31524  0.00089
 0.00298 -0.00194
 0.47681  0.00488
 0.83786 -0.00468
 0.18824  0.00238
 0.21988  0.00200
 0.43216  0.00104
 0.96398 -0.00448
 0.22354  0.00463
 0.45126  0.00105
 0.80245 -0.00469
 0.30433  0.00138
 0.28202 -0.00160
 0.70399 -0.00107
 0.78814 -0.00147
 0.06161  0.00111
 0.35240  0.00467
 0.34920 -0.00275
 0.10105 -0.00304
 0.70608  0.00386
 0.05172 -0.00116
 0.33801  0.00466
 0.65006 -0.00238
 0.40173 -0.00304
 0.16319 -0.00421
 0.50966  0.00237
 0.72783 -0.00485
 0.26994 -0.00093
 0.03620 -0.00067
 0.45572  0.00482
 0.93175 -0.00455
 0.91382  0.00430
 0.04780  0.00448
 0.60447  0.00498
 0.80251 -0.00370
 0.34800  0.00143
 0.30256 -0.00280
 0.14808 -0.00175
 0.93078  0.00289
 0.21612  0.00466
 0.63842  0.00128
 0.30175 -0.00315
 0.15310 -0.00175
 0.82792  0.00276
 0.26382  0.00248
 0.33562 -0.00031
 0.49209 -0.00257
 0.49909 -0.00510
 0.39393 -0.00523
 0.18683 -0.00417
 0.97654  0.00172
 0.55977  0.00501
 0.17581 -0.00438
 0.22218  0.00202
 0.37526  0.00097
 0.75822 -0.00348
 0.16266  0.00008
 0.70256  0.00260
 0.90543 -0.00133
 0.68182  0.00406
 0.43228 -0.00187
 0.84022 -0.00463
 0.24594  0.00244
 0.79029  0.00025
 0.19197  0.00126
 0.08439  0.00184
 0.13859  0.00439
 0.37791  0.00343
 0.81553 -0.00341
 0.69490  0.00182
 0.67209 -0.00160
 0.95209 -0.00242
 0.21644  0.00463
 0.62942  0.00127
 0.11425 -0.00336
 0.48676  0.00358
 0.76284 -0.00478
 0.23448  0.00016
 0.98598  0.00049
 0.54692  0.00498
 0.04975 -0.00452
 0.21087  0.00451
 0.76270  0.00144
 0.49326  0.00047
 0.62699 -0.00495
 0.80254 -0.00372
 0.34755  0.00143
 0.31182 -0.00279
 0.92764 -0.00202
 0.96959  0.00437
 0.63388  0.00511
 0.36782 -0.00306
 0.72320 -0.00351
 0.20060 -0.00101
 0.78122  0.00147
 0.99987  0.00104
 0.60044  0.00503
 0.73655 -0.00377
 0.55434 -0.00061
 0.88263 -0.00472
 0.14239  0.00345
 0.26420  0.00329
 0.35998 -0.00028
 0.99000 -0.00319
 0.40358  0.00481
 0.46848 -0.00385
 0.49848 -0.00507
 0.39458 -0.00523
 0.17682 -0.00419
 0.20756  0.00200
 0.73833  0.00141
 0.82185 -0.00029
 0.98516  0.00216
 0.61443  0.00506
 0.98389 -0.00349
 0.37120  0.00478
 0.99232 -0.00320
 0.40888  0.00481
 0.39581 -0.00395
 0.21252 -0.00415
 0.35608  0.00096
 0.11875 -0.00303
 0.42532  0.00351
 0.14000 -0.00427
 0.98506  0.00296
 0.64803  0.00510
 0.67242 -0.00272
 0.91274 -0.00247
 0.74596  0.00413
 0.14647  0.00008
 0.04057  0.00302
 0.58807  0.00497
 0.53832 -0.00399
 0.60184 -0.00503
 0.33492 -0.00424
 0.34116 -0.00274
 0.26972 -0.00283
 0.96136 -0.00076
 0.36208  0.00480
 0.16368 -0.00298
 0.55071  0.00242
 0.97568 -0.00461
 0.28841  0.00469
 0.81057 -0.00096
 0.67220  0.00180
 0.09847 -0.00225
 0.77715  0.00394
 0.99389  0.00104
 0.59127  0.00503
 0.58932 -0.00393
 0.18128 -0.00441
 0.09567  0.00186
 0.99063  0.00420
 0.71715  0.00518
 0.40368 -0.00076
 0.23178 -0.00413
 0.87300  0.00036
 0.17021  0.00349
 0.68080  0.00257
 0.34374 -0.00197
 0.24793 -0.00286
 0.51522 -0.00008
 0.64139 -0.00496
 0.10194 -0.00339
 0.67840  0.00382
 0.33677 -0.00197
 0.39671 -0.00268
 0.25235 -0.00410
 0.35009 -0.00028
 0.18746 -0.00294
 0.01373  0.00176
 0.62885  0.00505
 0.26227 -0.00318
 0.13588 -0.00054
 0.22166  0.00324
 0.44004  0.00104
 0.89043 -0.00458
 0.29170  0.00362
 0.68377 -0.00111
 0.26320 -0.00207
 0.15934 -0.00052
 0.74866  0.00266
 0.15863  0.00009
 0.78932  0.00271
 0.26989  0.00135
 0.13388 -0.00055
 0.25882  0.00329
 0.49717 -0.00011
 0.60327 -0.00498
 0.36126 -0.00421
 0.79893 -0.00341
 0.26615  0.00134
 0.22823 -0.00044
 0.11890  0.00066
 0.57837  0.00369
 0.34594 -0.00420
 0.10745 -0.00303
 0.60951  0.00374
 0.83827 -0.00366
 0.24103  0.00244
 0.91534  0.00040
 0.90528  0.00431
 0.91767  0.00434
 0.10484  0.00454
 0.96967  0.00416
 0.62554  0.00510
 0.19793 -0.00325
 0.75090  0.00144
 0.16890  0.00010
 0.56651  0.00243
 0.14293 -0.00443
 0.92086  0.00288
 0.08759  0.00452
 0.21131  0.00447
 0.74989  0.00142
 0.14034  0.00007
 0.16148  0.00317
 0.85831  0.00279
 0.96657  0.00327
 0.56842  0.00503
 0.27537 -0.00428
 0.75782 -0.00100
 0.25616  0.00019
 0.43425 -0.00018
 0.89195 -0.00457
 0.31913  0.00365
 0.02917 -0.00191
 0.43414  0.00480
 0.10351 -0.00432
 0.61547  0.00375
 0.94748 -0.00354
 0.12673  0.00453
 0.60521  0.00371
 0.76156 -0.00375
 0.24322  0.00017
 0.76373  0.00022
 0.47026  0.00044
 0.67253 -0.00487
 0.82464 -0.00257
 0.95811  0.00212
 0.45882  0.00491
 0.91707 -0.00457
 0.72013  0.00409
 0.43828 -0.00073
 0.83146 -0.00465
 0.03695  0.00221
 0.57336  0.00496
 0.33349 -0.00421
 0.37363 -0.00270
 0.63233 -0.00362
 0.96707 -0.00354
 0.28423  0.00470
 0.91463 -0.00083
 0.84300  0.00424
 0.68508  0.00296
 0.46803 -0.00183
 0.58592 -0.00497
 0.08687 -0.00452
 0.83897  0.00403
 0.58234  0.00284
 0.36517 -0.00419
 0.72551 -0.00350
 0.26354 -0.00094
 0.19845 -0.00047
 0.85606  0.00156
 0.86587  0.00316
 0.14250  0.00347
 0.26287  0.00329
 0.39379 -0.00024
 0.39992 -0.00392
 0.15219 -0.00422
 0.74229  0.00266
 0.98336 -0.00011
 0.51222  0.00495
 0.84370 -0.00472
 0.32290  0.00253
 0.89566 -0.00208
 0.48898  0.00384
 0.77157 -0.00478
 0.47390  0.00044
 0.65909 -0.00489
 0.50267 -0.00294
 0.48947 -0.00512
 0.39247 -0.00522
 0.20978 -0.00415
 0.42390  0.00104
 0.05156 -0.00437
 0.20392  0.00450
 0.93321  0.00165
 0.19279  0.00463
 0.20714  0.00198
 0.74771  0.00142
 0.08030 -0.00000
 0.11059  0.00436
 0.87203  0.00404
 0.30596  0.00366
 0.33906 -0.00153
 0.36597 -0.00272
 0.77238 -0.00345
 0.55179  0.00053
 0.90581 -0.00469
 0.54594  0.00390
 0.99548 -0.00458
 0.35692  0.00475
 0.26227 -0.00286
 0.14948 -0.00053
 0.95403  0.00291
 0.45862  0.00492
 0.91839 -0.00457
 0.73888  0.00411
 0.95093 -0.00014
 0.30226  0.00474
 0.47361 -0.00137
 0.58386 -0.00498
 0.05650 -0.00455
 0.15743  0.00444
 0.99846  0.00296
 0.67962  0.00513
 0.42205 -0.00188
 0.94952 -0.00449
 0.10593  0.00451
 0.95145  0.00414
 0.48780  0.00495
 0.81962 -0.00472
 0.74274  0.00187
 0.96255 -0.00013
 0.39701  0.00483
 0.56517 -0.00373
 0.86684 -0.00475
 0.82863  0.00310
 0.29542  0.00252
 0.54610 -0.00128
 0.77825 -0.00483
 0.65310  0.00064
 0.59799 -0.00282
 0.36473 -0.00420
 0.73303 -0.00350
 0.46938 -0.00070
 0.62776 -0.00492
 0.81918 -0.00370
 0.77446  0.00191
 0.83493  0.00086
 0.35264  0.00258
 0.25608 -0.00286
 0.30704 -0.00033
 0.14496 -0.00176
 0.99316  0.00296
 0.67098  0.00512
 0.20893 -0.00212
 0.53053  0.00117
 0.76733 -0.00483
 0.35569  0.00030
 0.09896 -0.00305
 0.73605  0.00389
 0.86410 -0.00024
 0.96202  0.00326
 0.53647  0.00500
 0.96816 -0.00460
 0.24615  0.00465
 0.87792  0.00035
 0.26655  0.00360
 0.31359 -0.00034
 0.98984 -0.00195
 0.45524  0.00487
 0.93701 -0.00454
 0.97533  0.00437
 0.66565  0.00514
 0.08095 -0.00226
 0.00731  0.00424
 0.73824  0.00518
 0.97885 -0.00011
 0.49348  0.00493
 0.81536 -0.00473
 0.63503  0.00175
 0.25003 -0.00320
 0.44715 -0.00016
 0.78122 -0.00471
 0.73860  0.00074
 0.80082 -0.00032
 0.44638  0.00155
 0.85930 -0.00462
 0.67506  0.00293
 0.21622 -0.00211
 0.35007  0.00094
 0.23946 -0.00288
 0.73066  0.00019
 0.55984 -0.00059
 0.93992 -0.00466
 0.00225  0.00440
 0.74399  0.00520
 0.13728  0.00007
 0.22073  0.00324
 0.46317  0.00107
 0.73117 -0.00479
 0.36352 -0.00083
 0.89877 -0.00330
 0.49020  0.00384
 0.77058 -0.00478
 0.44672  0.00040
 0.80840 -0.00468
 0.45899  0.00155
 0.77415 -0.00474
 0.54567  0.00052
 0.85032 -0.00475
 0.47225  0.00270
 0.76041 -0.00477
 0.16826  0.00009
 0.58022  0.00245
 0.31910 -0.00424
 0.69709 -0.00231
 0.55481 -0.00174
 0.83946 -0.00477
 0.22202  0.00242
 0.39593  0.00099
 0.41903 -0.00390
 0.89928 -0.00454
 0.44621  0.00379
 0.95528 -0.00451
 0.15577  0.00456
 0.03845  0.00301
 0.59924  0.00498
 0.71454 -0.00379
 0.95443 -0.00129
 0.28455  0.00471
 0.90723 -0.00084
 0.73097  0.00411
 0.73438 -0.00039
 0.63734 -0.00051
 0.20331 -0.00326
 0.62008  0.00128
 0.93034 -0.00356
 0.93822  0.00433
 0.36342  0.00482
 0.13914 -0.00302
 0.05464  0.00304
 0.49323  0.00484
 0.81160 -0.00473
 0.53918  0.00164
 0.84606 -0.00475
 0.37602  0.00259
 0.81336 -0.00341
 0.63969  0.00176
 0.34902 -0.00309
 0.09046 -0.00306
 0.85387  0.00404
 0.92271  0.00322
 0.12709  0.00456
 0.59987  0.00370
 0.67093 -0.00385
 0.82900 -0.00256
 0.06536  0.00224
 0.36546  0.00468
 0.09435 -0.00307
 0.80064  0.00398
 0.62298  0.00176
 0.00654 -0.00348
 0.41262  0.00480
 0.34626 -0.00401
 0.10889 -0.00303
 0.58686  0.00371
 0.46710 -0.00407
 0.49526 -0.00508
 0.39296 -0.00523
 0.20200 -0.00415
 0.61442  0.00127
 0.82352 -0.00368
 0.88353  0.00204
 0.44473  0.00381
 0.96773 -0.00449
 0.24804  0.00465
 0.82990  0.00029
 0.20780  0.00241
 0.74974  0.00142
 0.13641  0.00006
 0.23710  0.00326
 0.05014  0.00057
 0.42266  0.00476
 0.22287 -0.00417
 0.09667  0.00064
 0.92474  0.00412
 0.19177  0.00464
 0.23184  0.00201
 0.13088  0.00067
 0.36623  0.00342
 0.02680 -0.00315
 0.39049  0.00475
 0.66217 -0.00361
 0.62894 -0.00279
 0.93315 -0.00357
 0.97178  0.00437
 0.64654  0.00512
 0.64006 -0.00276
 0.16618 -0.00331
 0.48261  0.00234
 0.71670 -0.00483
 0.96867 -0.00127
 0.38979  0.00482
 0.67615 -0.00359
 0.96779 -0.00241
 0.33646  0.00476
 0.68765 -0.00234
 0.30984 -0.00202
 0.00717 -0.00193
 0.47793  0.00488
 0.83461 -0.00469
 0.11086  0.00229
 0.78033  0.00393
 0.07972  0.00114
 0.16547  0.00442
 0.82469  0.00274
 0.18377  0.00239
 0.32517  0.00213
 0.82727 -0.00216
 0.04022  0.00222
 0.55618  0.00493
 0.13496 -0.00443
 0.07508  0.00307
 0.30008  0.00459
 0.52013 -0.00131
 0.60859 -0.00500
 0.45290 -0.00411
 0.57297 -0.00497
 0.90954 -0.00471
 0.60306  0.00396
 0.73535 -0.00377
 0.52106 -0.00065
 0.64090 -0.00497
 0.09100 -0.00340
 0.83228  0.00402
 0.42271  0.00266
 0.13357 -0.00427
 0.10777  0.00311
 0.86405  0.00404
 0.14170  0.00347
 0.27873  0.00331
 0.99333 -0.00073
 0.51531  0.00494
 0.85354 -0.00471
 0.54572  0.00278
 0.94638 -0.00464
 0.06970  0.00447
 0.41633  0.00473
 0.29655 -0.00407
 0.24025 -0.00164
 0.76305  0.00022
 0.45166  0.00042
 0.77279 -0.00473
 0.50890  0.00047
 0.64573 -0.00495
 0.19709 -0.00328
 0.77016  0.00146
 0.69869  0.00070
 0.72368 -0.00154
 0.29664 -0.00090
 0.37207 -0.00148
 0.71195 -0.00353
 0.89618 -0.00135
 0.52835  0.00389
 0.86960 -0.00471
 0.88733  0.00316
 0.56262  0.00394
 0.16188 -0.00440
 0.52994  0.00240
 0.81590 -0.00477
 0.64677  0.00177
 0.50341 -0.00292
 0.49124 -0.00512
 0.39145 -0.00523
 0.22568 -0.00413
 0.02751  0.00055
 0.54442  0.00493
 0.02629 -0.00454
 0.33354  0.00468
 0.74832 -0.00226
 0.94147 -0.00017
 0.20861  0.00464
 0.82373  0.00151
 0.10810  0.00230
 0.82448  0.00399
 0.23133  0.00244
 0.16229  0.00070
 0.73683  0.00264
 0.83276 -0.00028
 0.25273  0.00246
 0.61761  0.00004
 0.83098 -0.00368
 0.06630  0.00224
 0.35632  0.00466
 0.27070 -0.00285
 0.93592 -0.00079
 0.12142  0.00454
 0.69927  0.00382
 0.87059 -0.00137
 0.04840  0.00335
 0.55274  0.00492
 0.10033 -0.00446
 0.65658  0.00380
 0.81146 -0.00257
 0.62701  0.00175
 0.08586 -0.00339
 0.89946  0.00410
 0.81416  0.00422
 0.98256  0.00216
 0.60511  0.00506
 0.81683 -0.00368
 0.71641  0.00185
 0.24296 -0.00095
 0.72292  0.00017
 0.34854 -0.00083
 0.19568 -0.00293
 0.81876  0.00152
 0.98462  0.00216
 0.61265  0.00506
 0.95101 -0.00353
 0.15986  0.00457
 0.95215  0.00290
 0.44162  0.00490
 0.03963 -0.00440
 0.27994  0.00461
 0.01812 -0.00070
 0.51765  0.00491
 0.86117 -0.00470
 0.71167  0.00297
 0.16299 -0.00104
 0.64793  0.00254
 0.56191 -0.00285
 0.86716 -0.00475
 0.83544  0.00311
 0.45969  0.00270
 0.81863 -0.00469
 0.71933  0.00185
 0.32184 -0.00086
 0.77662 -0.00221
 0.71951  0.00072
 0.27904 -0.00091
 0.80751 -0.00095
 0.59383  0.00171
 0.48932 -0.00405
 0.43783 -0.00517
 0.64781 -0.00486
 0.24683 -0.00322
 0.52803 -0.00006
 0.70092 -0.00490
 0.54524 -0.00176
 0.75074 -0.00487
 0.89815 -0.00022
 0.60970  0.00398
 0.85220 -0.00364
 0.56098  0.00280
 0.09560 -0.00448
 0.72366  0.00388
 0.52542 -0.00063
 0.66286 -0.00495
 0.58893 -0.00284
 0.22148 -0.00436
 0.12333  0.00067
 0.50235  0.00359
 0.76461 -0.00480
 0.28232  0.00022
 0.77300 -0.00099
 0.67260  0.00067
 0.06037 -0.00229
 0.21978  0.00451
 0.54068  0.00116
 0.83719 -0.00476
 0.16907  0.00236
 0.65798  0.00254
 0.79073 -0.00259
 0.08354  0.00113
 0.11931  0.00436
 0.72803  0.00386
 0.64320 -0.00049
 0.32967 -0.00312
 0.50434 -0.00254
 0.50860 -0.00510
 0.40939 -0.00523
 0.96502 -0.00445
 0.23187  0.00464
 0.24112  0.00080
 0.84365  0.00032
 0.53453  0.00278
 0.86108 -0.00472
 0.70882  0.00296
 0.08683 -0.00113
 0.98267  0.00420
 0.69154  0.00516
 0.72623 -0.00153
 0.36654 -0.00082
 0.84200 -0.00337
 0.34052  0.00255
 0.50713 -0.00255
 0.51366 -0.00510
 0.42396 -0.00521
 0.78685 -0.00468
 0.89172  0.00091
 0.54632  0.00392
 0.99940 -0.00457
 0.36269  0.00475
 0.15015 -0.00300
 0.83586  0.00277
 0.45570  0.00270
 0.84228 -0.00465
 0.29280  0.00250
 0.60960 -0.00120
 0.63161 -0.00390
 0.94042 -0.00357
 0.05381  0.00446
 0.55940  0.00492
 0.16798 -0.00439
 0.39727  0.00224
 0.45145 -0.00387
 0.59332 -0.00494
 0.20027 -0.00439
 0.64634  0.00131
 0.47486 -0.00295
 0.51290 -0.00506
 0.42310 -0.00521
 0.79656 -0.00467
 0.15055  0.00120
 0.00526  0.00297
 0.68499  0.00512
 0.55718 -0.00172
 0.86422 -0.00475
 0.77437  0.00304
 0.88010  0.00091
 0.33231  0.00368
 0.73280 -0.00228
 0.51431 -0.00065
 0.61405 -0.00499
 0.55207 -0.00400
 0.71722 -0.00491
 0.97940 -0.00126
 0.44726  0.00487
 0.99302 -0.00447
 0.35689  0.00475
 0.26306 -0.00286
 0.12951 -0.00055
 0.34010  0.00339
 0.55146 -0.00250
 0.77478 -0.00485
 0.55838  0.00053
 0.97191 -0.00462
 0.26765  0.00467
 0.33095 -0.00032
 0.59427 -0.00244
 0.32075 -0.00425
 0.65841 -0.00235
 0.59391 -0.00283
 0.29879 -0.00428
 0.17707 -0.00172
 0.30609  0.00212
 0.27104 -0.00161
 0.97961 -0.00074
 0.47038  0.00490
 0.86046 -0.00465
 0.69871  0.00295
 0.81915 -0.00143
 0.86978  0.00202
 0.17532  0.00350
 0.56626  0.00243
 0.13964 -0.00443
 0.98507  0.00296
 0.64807  0.00510
 0.67348 -0.00272
 0.93871 -0.00244
 0.08292  0.00449
 0.26881  0.00454
 0.29598 -0.00036
 0.41086 -0.00144
 0.10566 -0.00429
 0.58409  0.00371
 0.42674 -0.00412
 0.80270 -0.00467
 0.31206  0.00139
 0.09867 -0.00182
 0.79220  0.00396
 0.39961  0.00150
 0.38578 -0.00395
 0.37095 -0.00395
 0.62833 -0.00363
 0.88541 -0.00363
 0.24063  0.00356
 0.97287  0.00047
 0.48805  0.00493
 0.81831 -0.00472
 0.70992  0.00184
 0.06861 -0.00115
 0.19021  0.00447
 0.26157  0.00205
 0.37472 -0.00026
 0.71618 -0.00353
 0.00977 -0.00123
 0.50655  0.00491
 0.82758 -0.00473
 0.93914  0.00210
 0.27910  0.00472
 0.04406 -0.00067
 0.41149  0.00476
 0.35885 -0.00399
 0.85514 -0.00334
 0.63867  0.00289
 0.37487 -0.00306
 0.59509 -0.00367
 0.28187 -0.00430
 0.59370 -0.00120
 0.36394 -0.00420
 0.74816 -0.00348
 0.88596 -0.00023
 0.39410  0.00374
 0.56316 -0.00373
 0.84404 -0.00478
 0.32818  0.00254
 0.77654 -0.00222
 0.71691  0.00072
 0.20881 -0.00099
 0.58118  0.00122
 0.28066 -0.00428
 0.62463 -0.00117
 0.91557 -0.00359
 0.74023  0.00412
 0.98834 -0.00010
 0.52928  0.00496
 0.92018 -0.00465
 0.76037  0.00413
 0.54314  0.00053
 0.82985 -0.00477
 0.99273  0.00216
 0.63591  0.00508
 0.40905 -0.00302
 0.06275 -0.00434
 0.11205  0.00438
 0.84945  0.00401
 0.82281  0.00311
 0.15299  0.00235
 0.00342  0.00297
 0.68426  0.00513
 0.53891 -0.00174
 0.70105 -0.00492
 0.54823 -0.00175
 0.77684 -0.00484
 0.61453  0.00059
 0.79681 -0.00371
 0.19755  0.00126
 0.95067  0.00167
 0.37661  0.00482
 0.89744 -0.00332
 0.46699  0.00382
 0.82880 -0.00468
 0.97107  0.00213
 0.54805  0.00500
 0.06049 -0.00450
 0.12537  0.00440
 0.62371  0.00373
 0.10422 -0.00336
 0.64519  0.00378
 0.55385 -0.00286
 0.78272 -0.00484
 0.77369  0.00078
 0.76612  0.00078
 0.55938  0.00054
 0.98303 -0.00461
 0.32088  0.00472
 0.03434 -0.00191
 0.41227  0.00477
 0.34934 -0.00400
 0.04545 -0.00311
 0.29964  0.00462
 0.53223 -0.00130
 0.67392 -0.00494
 0.85581 -0.00254
 0.68733  0.00295
 0.52474 -0.00176
 0.61134 -0.00501
 0.50199 -0.00406
 0.44109 -0.00518
 0.61851 -0.00490
 0.63940 -0.00391
 0.10352 -0.00338
 0.65494  0.00379
 0.77350 -0.00261
 0.61775  0.00060
 0.85737 -0.00365
 0.67442  0.00293
 0.20048 -0.00213
 0.73675  0.00142
 0.77875 -0.00034
 0.85637  0.00088
 0.84384  0.00313
 0.65760  0.00292
 0.79801 -0.00259
 0.27688  0.00135
 0.95747 -0.00077
 0.33158  0.00476
 0.79493 -0.00220
 0.21166  0.00128
 0.60643  0.00125
 0.67909 -0.00384
 0.03011 -0.00234
 0.41259  0.00477
 0.34548 -0.00401
 0.12513 -0.00301
 0.31513  0.00337
 0.11023 -0.00181
 0.61708  0.00374
 0.97725 -0.00351
 0.34265  0.00475
 0.55483 -0.00250
 0.80753 -0.00481
 0.43133  0.00152
 0.99275 -0.00445
 0.35708  0.00475
 0.25930 -0.00287
 0.22484 -0.00043
 0.20476  0.00076
 0.75451  0.00143
 0.26807  0.00021
 0.13181 -0.00055
 0.29753  0.00334
 0.52944 -0.00130
 0.65679 -0.00496
 0.44648 -0.00300
 0.66654 -0.00485
 0.68066 -0.00273
 0.11619 -0.00224
 0.50185  0.00360
 0.76427 -0.00480
 0.27315  0.00021
 0.00323 -0.00071
 0.52883  0.00494
 0.91679 -0.00465
 0.71275  0.00408
 0.23903 -0.00095
 0.82314  0.00030
 0.04221  0.00222
 0.54495  0.00492
 0.03003 -0.00454
 0.31999  0.00466
 0.05237 -0.00189
 0.30262  0.00462
 0.46008 -0.00139
 0.64386 -0.00489
 0.15834 -0.00332
 0.65129  0.00255
 0.63758 -0.00277
 0.11293 -0.00337
 0.50790  0.00361
 0.77571 -0.00479
 0.58576  0.00056
 0.31813 -0.00425
 0.71902 -0.00228
 0.13940 -0.00108
 0.13157  0.00313
 0.45780  0.00353
 0.86455 -0.00463
 0.78621  0.00305
 0.20086  0.00127
 0.87139  0.00158
 0.18899  0.00352
 0.25051  0.00204
 0.65643  0.00009
 0.65120 -0.00276
 0.41154 -0.00303
 0.02933 -0.00438
 0.32935  0.00468
 0.84070 -0.00215
 0.36185  0.00258
 0.07459 -0.00309
 0.04529  0.00429
 0.61308  0.00499
 0.95588 -0.00353
 0.20230  0.00461
 0.97740  0.00170
 0.56318  0.00501
 0.21352 -0.00434
 0.32314  0.00092
 0.82202 -0.00216
 0.91057  0.00207
 0.90507  0.00432
 0.91465  0.00433
 0.06139  0.00450
 0.49748  0.00484
 0.81244 -0.00474
 0.56037  0.00167
 0.04116 -0.00454
 0.26538  0.00459
 0.38484 -0.00025
 0.54244 -0.00374
 0.64375 -0.00499
 0.15183 -0.00333
 0.78733  0.00271
 0.21670  0.00129
 0.48173  0.00110
 0.66608 -0.00489
 0.66785 -0.00275
 0.80084 -0.00259
 0.35075  0.00143
 0.24631 -0.00287
 0.55630 -0.00003
 0.92676 -0.00467
 0.84666  0.00423
 0.76873  0.00305
 0.72671  0.00074
 0.47540 -0.00069
 0.60681 -0.00495
 0.42362 -0.00415
 0.83579 -0.00462
 0.14164  0.00233
 0.23138  0.00325
 0.19486  0.00074
 0.99368  0.00173
 0.61981  0.00506
 0.08484 -0.00338
 0.91256  0.00412
 0.02157  0.00445
 0.72733  0.00515
 0.67871 -0.00045
 0.16404 -0.00218
 0.57696  0.00245
 0.27492 -0.00429
 0.76881 -0.00099
 0.55838  0.00054
 0.97219 -0.00462
 0.26926  0.00467
 0.29024 -0.00037
 0.55158 -0.00126
 0.82826 -0.00478
 0.95351  0.00211
 0.42036  0.00487
 0.25409 -0.00413
 0.30473 -0.00033
 0.20011 -0.00170
 0.76408  0.00145
 0.53190  0.00051
 0.74827 -0.00485
 0.83073 -0.00030
 0.20312  0.00240
 0.86396  0.00157
 0.03548  0.00335
 0.62877  0.00502
 0.25945 -0.00319
 0.20759 -0.00045
 0.63393  0.00129
 0.20769 -0.00325
 0.51315  0.00115
 0.68612 -0.00490
 0.16241 -0.00219
 0.61198  0.00249
 0.83036 -0.00367
 0.05142  0.00223
 0.48340  0.00483
 0.82057 -0.00471
 0.76676  0.00190
 0.62438  0.00062
 0.98605 -0.00350
 0.37838  0.00479
 0.86474 -0.00336
 0.84407  0.00312
 0.66240  0.00293
 0.91047 -0.00246
 0.71246  0.00409
 0.23155 -0.00096
 0.01290  0.00053
 0.57784  0.00499
 0.39378 -0.00415
 0.23501 -0.00412
 0.79165  0.00026
 0.22882  0.00130
 0.17757  0.00073
 0.39789  0.00222
 0.44178 -0.00388
 0.66762 -0.00484
 0.70673 -0.00270
 0.79176 -0.00147
 0.15830  0.00122
 0.84383  0.00277
 0.64230  0.00291
 0.45382 -0.00297
 0.61498 -0.00492
 0.57248 -0.00398
 0.94496 -0.00467
 0.05420  0.00445
 0.55616  0.00491
 0.13407 -0.00443
 0.09170  0.00309
 0.09710  0.00433
 0.07453  0.00430
 0.35776  0.00466
 0.24194 -0.00289
 0.66715  0.00011
 0.90449 -0.00247
 0.61880  0.00399
 0.02015 -0.00346
 0.39688  0.00477
 0.56418 -0.00373
 0.85542 -0.00477
 0.58461  0.00282
 0.39694 -0.00415
 0.18677 -0.00418
 0.97764  0.00172
 0.56509  0.00502
 0.23529 -0.00432
 0.77614  0.00024
 0.81021  0.00083
 0.73839  0.00188
 0.84331 -0.00027
 0.50189  0.00274
 0.72813 -0.00484
 0.27838 -0.00092
 0.82365 -0.00093
 0.00305  0.00218
 0.65069  0.00509
 0.73123 -0.00266
 0.45552 -0.00072
 0.69921 -0.00482
 0.50394 -0.00180
 0.53929 -0.00507
 0.56353 -0.00508
 0.79113 -0.00484
 0.99927  0.00103
 0.59928  0.00503
 0.71727 -0.00379
 0.02817 -0.00121
 0.46780  0.00484
 0.86853 -0.00464
 0.86851  0.00314
 0.19672  0.00353
 0.06676  0.00181
 0.33360  0.00464
 0.74503 -0.00227
 0.85083 -0.00027
 0.67285  0.00293
 0.16223 -0.00217
 0.61654  0.00250
 0.91485 -0.00358
 0.73010  0.00410
 0.71004 -0.00042
 0.97656 -0.00126
 0.43424  0.00486
 0.10518 -0.00432
 0.59026  0.00372
 0.51848 -0.00401
 0.48756 -0.00515
 0.39333 -0.00522
 0.19661 -0.00416
 0.74448  0.00143
 0.99192 -0.00010
 0.53871  0.00497
 0.98292 -0.00458
 0.32152  0.00472
 0.01977 -0.00193
 0.46233  0.00484
 0.89482 -0.00460
 0.36793  0.00370
 0.00685 -0.00318
 0.42529  0.00482
 0.19561 -0.00420
 0.76684  0.00146
 0.60788  0.00060
 0.67699 -0.00385
 0.97785 -0.00240
 0.39231  0.00481
 0.63605 -0.00364
 0.04363 -0.00345
 0.29675  0.00462
 0.60249 -0.00121
 0.50730 -0.00404
 0.45121 -0.00517
 0.53974 -0.00500
 0.56956 -0.00507
 0.86249 -0.00476
 0.73723  0.00300
 0.85865 -0.00025
 0.84576  0.00313
 0.70166  0.00297
 0.89763 -0.00134
 0.55366  0.00392
 0.06707 -0.00450
 0.06394  0.00432
 0.46655  0.00480
 0.87226 -0.00463
 0.94436  0.00323
 0.38176  0.00484
 0.80914 -0.00343
 0.53120  0.00164
 0.79137 -0.00480
 0.00730  0.00104
 0.60330  0.00503
 0.78448 -0.00372
 0.86861  0.00089
 0.10323  0.00342
 0.94653  0.00414
 0.44165  0.00491
 0.03967 -0.00440
 0.27969  0.00461
 0.02427 -0.00069
 0.50247  0.00489
 0.81950 -0.00473
 0.73893  0.00187
 0.85776 -0.00025
 0.82620  0.00311
 0.23629  0.00245
 0.03633  0.00055
 0.50652  0.00488
 0.82619 -0.00473
 0.90511  0.00206
 0.81996  0.00422
 0.12876  0.00233
 0.47531  0.00355
 0.78622 -0.00474
 0.87215  0.00089
 0.17531  0.00350
 0.56645  0.00243
 0.14181 -0.00443
 0.94279  0.00291
 0.35221  0.00481
 0.35900 -0.00274
 0.90500 -0.00329
 0.59243  0.00395
 0.56200 -0.00397
 0.82112 -0.00480
 0.77663  0.00191
 0.89399  0.00092
 0.58683  0.00396
 0.47727 -0.00406
 0.45902 -0.00513
 0.49175 -0.00507
 0.39347 -0.00522
 0.19420 -0.00416
 0.80224  0.00150
 0.56049  0.00168
 0.04301 -0.00454
 0.25452  0.00457
 0.66111  0.00009
 0.76014 -0.00263
 0.25110  0.00019
 0.56305 -0.00003
 0.99926 -0.00459
 0.36169  0.00475
 0.16920 -0.00298
 0.42995  0.00227
 0.03857 -0.00439
 0.28622  0.00461
 0.86158 -0.00089
 0.88123  0.00317
 0.44916  0.00381
 0.93397 -0.00454
 0.94062  0.00433
 0.38952  0.00485
 0.68195 -0.00358
 0.11258 -0.00224
 0.56120  0.00367
 0.13482 -0.00443
 0.07739  0.00308
 0.27428  0.00455
 0.15816 -0.00053
 0.77313  0.00269
 0.83165  0.00085
 0.27398  0.00249
 0.07847 -0.00062
 0.10567  0.00435
 0.94895  0.00414
 0.46484  0.00493
 0.88590 -0.00461
 0.20800  0.00352
 0.79166  0.00147
 0.28021  0.00136
 0.87414 -0.00087
 0.14065  0.00346
 0.29856  0.00333
 0.50384 -0.00133
 0.55907 -0.00504
 0.74382 -0.00489
 0.70676 -0.00044
 0.88826 -0.00136
 0.38855  0.00373
 0.65016 -0.00362
 0.35160 -0.00310
 0.03741 -0.00312
 0.34599  0.00469
 0.48171 -0.00259
 0.51031 -0.00507
 0.41503 -0.00522
 0.89247 -0.00455
 0.32921  0.00366
 0.80085 -0.00219
 0.36800  0.00145
 0.91076 -0.00329
 0.68172  0.00405
 0.42955 -0.00187
 0.86782 -0.00459
 0.85565  0.00313
 0.92315  0.00322
 0.13297  0.00457
 0.49227  0.00357
 0.75807 -0.00480
 0.10287  0.00001
 0.80803  0.00398
 0.81527  0.00197
 0.91575  0.00208
 0.98221  0.00440
 0.69822  0.00517
 0.89989 -0.00133
 0.59183  0.00396
 0.55289 -0.00398
 0.72625 -0.00490
 0.22467 -0.00098
 0.18579  0.00074
 0.20832  0.00199
 0.71914  0.00139
 0.29745 -0.00089
 0.35279 -0.00151
 0.08064 -0.00307
 0.97687  0.00420
 0.66626  0.00514
 0.09546 -0.00224
 0.81995  0.00400
 0.11903  0.00232
 0.64642  0.00377
 0.58023 -0.00283
 0.09625 -0.00450
 0.71371  0.00387
 0.25603 -0.00093
 0.39000 -0.00024
 0.45939 -0.00385
 0.54380 -0.00501
 0.60138 -0.00504
 0.32683 -0.00425
 0.52011 -0.00252
 0.55740 -0.00506
 0.72534 -0.00491
 0.19943 -0.00101
 0.80951  0.00151
