0.279764
0.467861
0.604029
0.7258545
0.7258545
0.8870585
1.0940195
1.2309765
1.349587
1.603651
1.7698275
1.8985865
2.0136585
2.2002295
2.3537885
2.4789395
2.585089
2.727866
2.9016205
3.0333665
3.2077475
3.34013
3.505654
3.6385265
3.8257105
3.9611015
4.090881
4.297553
4.4390505
4.5569675
4.7351315
4.8678475
5.0150815
5.1714265
5.315074
5.488395
5.6197145
5.797036
5.9291155
6.088094
6.2250005
6.4124575
6.5477405
6.678398
6.8830555
7.0230075
7.140631
7.332058
7.4680495
7.587976
7.8287
7.983659
8.109922
8.2152795
8.3582815
8.5316545
8.6635965
8.8393355
8.9710995
9.1349355
9.268456
9.4591155
9.593716
9.7194125
9.9457
10.0925385
10.2142625
10.323071
10.521656
10.657243
10.7862865
10.995303
11.138576
11.257141
11.419027
11.5517095
11.7398365
11.875233
12.003384
12.214291
12.358497
12.4771755
12.6303655
12.76948
12.952422
13.086336
13.229633
13.3954785
13.529161
13.71899
13.855376
13.9799765
14.209764
14.362034
14.4860345
14.660384
14.8106135
14.93144
15.0402645
15.2385325
15.3737375
15.50497
15.706583
15.846911
15.9640185
16.168046
16.308919
16.4265235
16.6041005
16.7378375
16.883305
17.044517
17.1821175
17.3675665
17.5015505
17.638939
17.821223
17.9538765
18.103498
18.254774
18.4092315
18.5566175
18.7200655
18.8551145
19.0460795
19.180832
19.3064135
19.532105
19.680308
19.8024325
19.9110045
20.1119305
20.248054
20.370732
20.624873
20.782969
20.912267
21.009115
21.141108
21.3209425
21.4532035
21.6053775
21.7519535
21.916047
22.0507845
22.2417045
22.377002
22.5017785
22.730975
22.882908
23.00669
23.1936725
23.346295
23.471884
23.6069725
23.7421245
23.8766035
24.0662385
24.2018985
24.329238
24.5442905
24.688981
24.8087965
24.9450445
25.120804
25.252479
25.4218435
25.553681
25.7343185
25.867704
26.01511
26.1713625
26.3161895
26.485422
26.617651
26.80336
26.9376235
27.072088
27.262049
27.3981435
27.5242795
27.7464815
27.895891
28.0165325
28.1265875
28.324565
28.4590935
28.5942855
28.7826525
28.9181225
29.047384
29.255555
29.3983745
29.5169355
29.683491
29.814983
29.9936435
30.1268265
30.2802055
30.4249165
30.5946095
30.7268075
30.9107285
31.0454545
31.1826395
31.364461
31.4982565
31.646229
31.80036
31.949336
32.1081565
32.248186
32.428728
32.562013
32.7143825
32.8607075
33.02521
33.1596985
33.349695
33.48617
33.610625
33.8446285
33.993716
34.117992
34.283217
34.4275675
34.54725
34.685543
34.8548495
34.9872075
35.172771
35.30735
35.441824
35.633462
35.7690095
35.893061
36.12799
36.283314
36.4080425
36.537943
36.6698355
36.8244725
36.9667185
37.14325
37.2746905
37.4426205
37.5750595
37.7573875
37.8914535
38.033449
38.202459
38.334925
38.5206575
38.6555485
38.789135
38.982935
39.1203365
39.240393
39.4811695
39.6360155
39.762234
39.868185
40.01033
40.185983
40.3182125
40.485998
40.618284
40.8019175
40.9365175
41.0744875
41.25417
41.3868905
41.54309
41.683045
41.863786
41.997159
42.148247
42.296346
42.4580345
42.594833
42.782156
42.9171525
43.049048
43.248864
43.3873285
43.504622
43.726055
43.876374
43.997677
44.106286
44.306029
44.441165
44.568093
44.7886325
44.9330305
45.0541105
45.174123
45.4156915
45.567293
45.6924315
45.8147445
45.9469425
46.1212775
46.2530375
46.4207965
46.5531965
46.737071
46.870258
47.010912
47.184087
47.3156815
47.492898
47.6253595
47.783665
47.921136
48.1083115
48.242518
48.3763375
48.569701
48.705102
48.82744
49.0788635
49.2383575
49.367358
49.460128
49.5949175
49.784491
49.9199365
50.046071
50.2703265
50.417055
50.5389955
50.6486085
50.846248
50.981439
51.116279
51.30513
51.439785
51.570295
51.7736825
51.9127015
52.030239
52.2298085
52.370996
52.4881255
52.681882
52.8201335
52.9382265
53.1748595
53.3279945
53.453386
53.576196
53.707576
53.8829
54.0155165
54.178368
54.312145
54.503337
54.638317
54.7630055
54.9924715
55.144516
55.2683645
55.4511465
55.602434
55.7247845
55.906942
56.0573985
56.1796055
56.3791005
56.5398695
56.668067
56.7315945
56.911815
57.0537685
57.2302165
57.362662
57.527378
57.6607605
57.8493625
57.9844745
58.1121315
58.327812
58.4733545
58.593549
58.724545
58.9162265
59.0517555
59.1759235
59.4106005
59.5656045
59.6892995
59.826055
59.960263
60.0936515
60.2880545
60.423769
60.544772
60.786742
60.943862
61.071058
61.1625565
61.3377875
61.4701585
61.639821
61.7720375
61.950343
62.083231
62.2382405
62.3801385
62.5562835
62.688559
62.854269
62.987129
63.1741785
63.309353
63.4397025
63.643322
63.7847475
63.901889
64.092823
64.2307575
64.349639
64.5917375
64.7496915
64.8772475
64.9626355
65.1582175
65.296234
65.4149485
65.6575855
65.8159985
65.94375
66.025138
66.2396155
66.385799
66.50516
66.6406035
66.8169935
66.949366
67.1158455
67.2480405
67.434687
67.569864
67.701117
67.9024755
68.0427135
68.159957
68.363908
68.5061335
68.6243455
68.796917
68.928574
69.091427
69.2253345
69.4159005
69.5513525
69.6761785
69.9051885
70.0570355
70.1807615
70.371575
70.527214
70.6534595
70.7599975
70.9015285
71.0799655
71.211624
71.373438
71.508018
71.697976
71.8338465
71.9590245
72.1871545
72.3386705
72.462171
72.6564705
72.813322
72.940445
73.03306
73.205366
73.337082
73.5174345
73.6502555
73.799417
73.95156
74.104121
74.255837
74.4093755
74.558356
74.7172915
74.857233
75.0390455
75.171483
75.322226
75.471041
75.631007
75.7701885
75.9528015
76.086586
76.2313845
76.394315
76.530036
76.7199035
76.8542445
76.981796
77.198518
77.342923
77.4626495
77.5957265
77.779485
77.913538
78.0556415
78.2243405
78.3571755
78.544288
78.678739
78.810146
79.009217
79.148295
79.2659145
79.4896045
79.636095
79.7577305
79.86683
80.0652275
80.1999025
80.3325135
80.5287685
80.6672685
80.7851825
81.043171
81.208522
81.339675
81.455416
81.5990265
81.7380055
81.855589
82.060697
82.203275
82.3215835
82.489525
82.62087
82.796345
82.929009
83.091446
83.225395
83.4162115
83.5516025
83.6762945
83.9088365
84.058326
84.182294
84.356215
84.506041
84.6271255
84.7362965
84.9346065
85.0690705
85.2026185
85.396459
85.5328165
85.653678
85.9003315
86.05776
86.183714
86.262536
86.4972555
86.652007
86.7765985
86.9119355
87.0456795
87.183312
87.3640535
87.497322
87.649751
87.795939
87.9609135
88.095194
88.2851415
88.4217025
88.5458285
88.7765215
88.9292165
89.053498
89.2192155
89.3632355
89.4828155
89.6206895
89.7912995
89.9233545
90.106032
90.2398145
90.382373
90.550268
90.682797
90.871277
91.0070405
91.134172
91.3497645
91.495458
91.615708
91.746394
91.9386635
92.0750175
92.1975065
92.4559035
92.62468
92.754195
92.869239
93.00855
93.1472795
93.26513
93.4942435
93.646773
93.7701845
93.937215
94.0831095
94.2034885
94.331856
94.531645
94.6708725
94.7884
95.006276
95.15393
95.27434
95.389473
95.6012995
95.740689
95.858347
96.0512805
96.190286
96.307791
96.551398
96.7060725
96.831237
96.9253215
97.09499
97.227231
97.412797
97.5466595
97.6824305
97.8692375
98.003737
98.13776
98.330208
98.465838
98.5890205
98.8320955
98.988366
99.11437
99.206555
99.382119
99.5139455
99.683536
99.8156135
99.9952505
100.1282435
100.279225
100.4281605
100.587299
100.7269625
100.909516
101.042156
101.1906745
101.3441465
101.493539
101.6516485
101.7930425
101.9713945
102.103416
102.264564
102.3995045
102.5890855
102.7252805
102.850769
103.0772835
103.2249015
103.346846
103.4554025
103.656769
103.7926705
103.9149295
104.1704425
104.3331215
104.463926
104.593576
104.7415665
104.8621555
104.9759485
105.1825255
105.3209575
105.4388595
105.670628
105.82493
105.9492975
106.0900895
106.2260045
106.35027
106.5842715
106.738782
106.862472
107.003893
107.1395925
107.263073
107.5038075
107.658283
107.7844005
107.891373
108.0317415
108.211518
108.3445645
108.4991095
108.641516
108.8165035
108.948895
109.1192015
109.25057
109.429331
109.5625465
109.7157105
109.8607795
110.029504
110.161584
110.34821
110.4833235
110.614723
110.815771
110.9556595
111.0728935
111.280218
111.424176
111.5427375
111.697903
111.8348455
112.0222345
112.1575075
112.288264
112.492989
112.63244
112.750119
112.942309
113.079959
113.198563
113.4552815
113.62009
113.7521315
113.8665655
114.0215935
114.167184
114.285944
114.428199
114.5871085
114.7273215
114.9083745
115.040809
115.1936685
115.3389375
115.5071265
115.639921
115.827551
115.9626085
116.092246
116.297897
116.439634
116.5577675
116.7363645
116.870388
117.0127665
117.1808315
117.3136615
117.5013165
117.636728
117.765814
117.974701
118.117609
118.2357555
118.400068
118.5320745
118.715484
118.8498065
118.9893765
119.1640475
119.296317
119.467666
119.599607
119.7753045
119.906869
120.0720515
120.204647
120.3932955
120.529267
120.6559505
120.8747375
121.0218335
121.1423085
121.2610985
121.488429
121.635899
121.7580615
121.867105
122.064699
122.2000575
122.333712
122.525654
122.662142
122.7847335
123.041887
123.2037295
123.3348885
123.4715485
123.620927
123.743424
123.917583
124.062962
124.182639
124.309227
124.5168195
124.6589255
124.7770535
124.950005
125.081582
125.243837
125.3782895
125.5684085
125.70412
125.8288955
126.060509
126.211887
126.3342985
126.5132705
126.664404
126.787706
126.967822
127.119421
127.241136
127.4042675
127.545183
127.6622505
127.8596815
127.999127
128.1160895
128.3269
128.4703515
128.5899755
128.734064
128.8885605
129.036086
129.199137
129.3348135
129.524635
129.6596745
129.7862225
130.006933
130.154901
130.275457
130.3892665
130.59589
130.7343865
130.8522665
131.0841855
131.237986
131.361146
131.5089525
131.6484685
131.7655895
131.9946785
132.146669
132.269646
132.4462605
132.5929935
132.7146965
132.8238335
133.0219335
133.156696
133.289752
133.484657
133.622319
133.741555
133.981239
134.140106
134.2643945
134.3656135
134.517318
134.6697615
134.821514
134.974788
135.1245105
135.281895
135.42435
135.6000915
135.731631
135.901682
136.0337725
136.2129785
136.345087
136.4988375
136.642832
136.814432
136.946613
137.1255325
137.2586275
137.4113285
137.5562425
137.725303
137.857805
138.0431385
138.178414
138.312299
138.5034785
138.639482
138.7636085
139.0018945
139.1528975
139.2777115
139.40991
139.543701
139.6886305
139.8512065
139.9871605
140.1762625
140.3106825
140.4397035
140.65019
140.792078
140.91096
141.0718185
141.2048175
141.3932355
141.529052
141.6562215
141.873513
142.019497
142.1396205
142.2654365
142.476555
142.6206445
142.7391085
142.8932725
143.031008
143.216656
143.3516375
143.487126
143.674427
143.808025
143.943914
144.130539
144.264675
144.400036
144.5879375
144.7231915
144.853549
145.0572855
145.19868
145.3160475
145.5059265
145.6433625
145.7631245
146.00553
146.159356
146.285414
146.3911565
146.5333615
146.7087605
146.840763
147.009588
147.1415685
147.3241635
147.457159
147.6017135
147.763818
147.9002385
148.088258
148.223313
148.353704
148.5571575
148.698435
148.815323
149.009241
149.146902
149.264978
149.5054825
149.661729
149.788708
149.8829445
150.0497795
150.182895
150.3727305
150.5082255
150.63395
150.858644
151.009796
151.1311485
151.239371
151.442293
151.5798665
151.698666
151.950955
152.106973
152.235494
