0.0 3
0.1 4
0.2 4
0.3 4
0.4 4
0.5 4
0.6 4
0.7 4
0.8 4
0.9 4
1.0 4
1.1 4
1.2 4
1.3 4
1.4 4
1.5 4
1.6 4
1.7 4
1.8 4
1.9 4
2.0 4
2.1 4
2.2 4
2.3 4
2.4 4
2.5 4
2.6 4
2.7 4
2.8 3
2.9 4
3.0 4
3.1 4
3.2 4
3.3 4
3.4 4
3.5 4
3.6 4
3.7 4
3.8 5
3.9 4
4.0 4
4.1 4
4.2 4
4.3 4
4.4 4
4.5 4
4.6 4
4.7 4
4.8 4
4.9 4
5.0 4
5.1 4
5.2 4
5.3 4
5.4 4
5.5 4
5.6 4
5.7 4
5.8 4
5.9 4
6.0 4
6.1 4
6.2 4
6.3 4
6.4 4
6.5 4
6.6 4
6.7 4
6.8 4
6.9 4
7.0 4
7.1 4
7.2 4
7.3 4
7.4 4
7.5 4
7.6 4
7.7 4
7.8 4
7.9 4
8.0 4
8.1 4
8.2 4
8.3 4
8.4 4
8.5 4
8.6 4
8.7 4
8.8 4
8.9 4
9.0 4
9.1 4
9.2 4
9.3 3
9.4 4
9.5 4
9.6 4
9.7 4
9.8 3
9.9 4
10.0 4
10.1 4
10.2 4
10.3 5
10.4 4
10.5 4
10.6 4
10.7 4
10.8 4
10.9 4
11.0 4
11.1 4
11.2 4
11.3 3
11.4 4
11.5 4
11.6 4
11.7 4
11.8 4
11.9 4
12.0 4
12.1 4
12.2 4
12.3 5
12.4 4
12.5 4
12.6 4
12.7 4
12.8 5
12.9 4
13.0 4
13.1 4
13.2 4
13.3 4
13.4 4
13.5 4
13.6 4
13.7 4
13.8 4
13.9 4
14.0 4
14.1 4
14.2 4
14.3 4
14.4 4
14.5 4
14.6 4
14.7 4
14.8 4
14.9 4
15.0 5
15.1 4
15.2 4
15.3 4
15.4 4
15.5 4
15.6 4
15.7 4
15.8 4
15.9 4
16.0 4
16.1 4
16.2 4
16.3 4
16.4 4
16.5 5
16.6 4
16.7 4
16.8 4
16.9 4
17.0 3
17.1 4
17.2 4
17.3 4
17.4 4
17.5 3
17.6 4
17.7 4
17.8 4
17.9 4
18.0 4
18.1 4
18.2 4
18.3 4
18.4 4
18.5 4
18.6 4
18.7 4
18.8 4
18.9 4
19.0 4
19.1 4
19.2 4
19.3 4
19.4 4
19.5 4
19.6 4
19.7 4
19.8 3
19.9 4
20.0 4
20.1 4
20.2 4
20.3 3
20.4 4
20.5 4
20.6 4
20.7 4
20.8 4
20.9 4
21.0 4
21.1 4
21.2 4
21.3 4
21.4 4
21.5 4
21.6 4
21.7 4
21.8 4
21.9 4
22.0 4
22.1 4
22.2 4
22.3 4
22.4 4
22.5 4
22.6 4
22.7 4
22.8 4
22.9 4
23.0 4
23.1 4
23.2 4
23.3 4
23.4 4
23.5 4
23.6 4
23.7 4
23.8 4
23.9 4
24.0 4
24.1 4
24.2 4
24.3 4
24.4 4
24.5 4
24.6 4
24.7 4
24.8 4
24.9 4
25.0 4
25.1 4
25.2 4
25.3 4
25.4 4
25.5 4
25.6 4
25.7 4
25.8 4
25.9 4
26.0 4
26.1 4
26.2 4
26.3 4
26.4 4
26.5 4
26.6 4
26.7 4
26.8 4
26.9 4
27.0 4
27.1 4
27.2 4
27.3 4
27.4 4
27.5 4
27.6 4
27.7 4
27.8 4
27.9 4
28.0 4
28.1 3
28.2 4
28.3 4
28.4 4
28.5 4
28.6 4
28.7 4
28.8 4
28.9 4
29.0 4
29.1 5
29.2 4
29.3 4
29.4 4
29.5 4
29.6 3
29.7 4
29.8 4
29.9 4
30.0 4
30.1 4
30.2 4
30.3 4
30.4 4
30.5 4
30.6 5
30.7 4
30.8 4
30.9 4
31.0 4
31.1 3
31.2 4
31.3 4
31.4 4
31.5 4
31.6 3
31.7 4
31.8 4
31.9 4
32.0 4
32.1 4
32.2 4
32.3 4
32.4 4
32.5 4
32.6 4
32.7 4
32.8 4
32.9 4
33.0 4
33.1 4
33.2 4
33.3 4
33.4 4
33.5 4
33.6 4
33.7 4
33.8 4
33.9 4
34.0 4
34.1 4
34.2 4
34.3 4
34.4 4
34.5 4
34.6 4
34.7 4
34.8 4
34.9 4
35.0 4
35.1 4
35.2 4
35.3 4
35.4 4
35.5 4
35.6 4
35.7 4
35.8 4
35.9 4
36.0 4
36.1 4
36.2 4
36.3 4
36.4 4
36.5 4
36.6 4
36.7 4
36.8 4
36.9 4
37.0 4
37.1 4
37.2 4
37.3 4
37.4 4
37.5 4
37.6 4
37.7 4
37.8 4
37.9 4
38.0 4
38.1 4
38.2 4
38.3 4
38.4 4
38.5 4
38.6 5
38.7 4
38.8 4
38.9 4
39.0 4
39.1 5
39.2 4
39.3 4
39.4 4
39.5 4
39.6 4
39.7 4
39.8 4
39.9 4
40.0 4
40.1 4
40.2 4
40.3 4
40.4 4
40.5 4
40.6 3
40.7 4
40.8 4
40.9 4
41.0 4
41.1 3
41.2 4
41.3 4
41.4 4
41.5 4
41.6 4
41.7 4
41.8 4
41.9 4
42.0 4
42.1 4
42.2 4
42.3 4
42.4 3
42.5 4
42.6 4
42.7 4
42.8 4
42.9 3
43.0 4
43.1 4
43.2 3
43.3 4
43.4 4
43.5 4
43.6 4
43.7 4
43.8 4
43.9 4
44.0 4
44.1 4
44.2 5
44.3 4
44.4 4
44.5 4
44.6 4
44.7 4
44.8 4
44.9 4
45.0 4
45.1 4
45.2 4
45.3 4
45.4 4
45.5 4
45.6 4
45.7 4
45.8 4
45.9 4
46.0 4
46.1 4
46.2 4
46.3 4
46.4 4
46.5 4
46.6 4
46.7 3
46.8 4
46.9 4
47.0 4
47.1 4
47.2 3
47.3 4
47.4 4
47.5 4
47.6 4
47.7 4
47.8 4
47.9 4
48.0 4
48.1 4
48.2 4
48.3 4
48.4 4
48.5 4
48.6 4
48.7 4
48.8 4
48.9 4
49.0 4
49.1 4
49.2 4
49.3 4
49.4 4
49.5 4
49.6 4
49.7 4
49.8 4
49.9 4
50.0 4
50.1 4
50.2 4
50.3 4
50.4 4
50.5 4
50.6 4
50.7 4
50.8 4
50.9 4
51.0 4
51.1 4
51.2 4
51.3 4
51.4 4
51.5 4
51.6 4
51.7 4
51.8 4
51.9 4
52.0 4
52.1 4
52.2 4
52.3 4
52.4 4
52.5 3
52.6 4
52.7 4
52.8 4
52.9 4
53.0 3
53.1 4
53.2 4
53.3 4
53.4 4
53.5 4
53.6 4
53.7 4
53.8 4
53.9 4
54.0 4
54.1 4
54.2 4
54.3 4
54.4 4
54.5 4
54.6 4
54.7 4
54.8 4
54.9 4
55.0 4
55.1 4
55.2 4
55.3 4
55.4 4
55.5 4
55.6 4
55.7 4
55.8 4
55.9 4
56.0 4
56.1 4
56.2 4
56.3 4
56.4 4
56.5 4
56.6 4
56.7 4
56.8 4
56.9 4
57.0 4
57.1 4
57.2 4
57.3 4
57.4 4
57.5 4
57.6 4
57.7 4
57.8 4
57.9 4
58.0 5
58.1 4
58.2 4
58.3 4
58.4 4
58.5 4
58.6 4
58.7 4
58.8 4
58.9 4
59.0 3
59.1 4
59.2 4
59.3 4
59.4 4
59.5 4
59.6 4
59.7 4
59.8 4
59.9 4
60.0 4
60.1 4
60.2 4
60.3 4
60.4 4
60.5 4
60.6 4
60.7 4
60.8 4
60.9 4
61.0 4
61.1 4
61.2 4
61.3 4
61.4 4
61.5 4
61.6 4
61.7 4
61.8 4
61.9 4
62.0 4
62.1 4
62.2 4
62.3 4
62.4 4
62.5 4
62.6 4
62.7 4
62.8 4
62.9 4
63.0 5
63.1 4
63.2 4
63.3 4
63.4 4
63.5 5
63.6 4
63.7 4
63.8 4
63.9 4
64.0 4
64.1 4
64.2 4
64.3 4
64.4 4
64.5 3
64.6 4
64.7 4
64.8 4
64.9 4
65.0 3
65.1 4
65.2 4
65.3 3
65.4 4
65.5 4
65.6 4
65.7 4
65.8 3
65.9 4
66.0 4
66.1 4
66.2 4
66.3 5
66.4 4
66.5 4
66.6 4
66.7 4
66.8 5
66.9 4
67.0 4
67.1 4
67.2 4
67.3 3
67.4 4
67.5 4
67.6 4
67.7 4
67.8 3
67.9 4
68.0 4
68.1 4
68.2 4
68.3 4
68.4 4
68.5 4
68.6 4
68.7 4
68.8 4
68.9 4
69.0 4
69.1 4
69.2 4
69.3 4
69.4 4
69.5 4
69.6 4
69.7 4
69.8 4
69.9 4
70.0 4
70.1 4
70.2 4
70.3 4
70.4 4
70.5 4
70.6 3
70.7 4
70.8 4
70.9 4
71.0 4
71.1 3
71.2 4
71.3 4
71.4 4
71.5 4
71.6 5
71.7 4
71.8 4
71.9 4
72.0 4
72.1 5
72.2 4
72.3 4
72.4 4
72.5 4
72.6 4
72.7 4
72.8 4
72.9 4
73.0 4
73.1 3
73.2 4
73.3 4
73.4 4
73.5 4
73.6 3
73.7 4
73.8 4
73.9 4
74.0 4
74.1 4
74.2 4
74.3 4
74.4 4
74.5 4
74.6 5
74.7 4
74.8 4
74.9 4
75.0 4
75.1 5
75.2 4
75.3 4
75.4 4
75.5 4
75.6 4
75.7 4
75.8 4
75.9 4
76.0 4
76.1 4
76.2 4
76.3 5
76.4 4
76.5 4
76.6 4
76.7 4
76.8 5
76.9 4
77.0 4
77.1 4
77.2 4
77.3 3
77.4 4
77.5 4
77.6 4
77.7 4
77.8 4
77.9 4
78.0 4
78.1 4
78.2 4
78.3 4
78.4 4
78.5 4
78.6 4
78.7 4
78.8 4
78.9 4
79.0 4
79.1 4
79.2 4
79.3 5
79.4 4
79.5 4
79.6 4
79.7 4
79.8 4
79.9 4
80.0 4
80.1 4
80.2 4
80.3 4
80.4 4
80.5 4
80.6 4
80.7 4
80.8 4
80.9 4
81.0 4
81.1 4
81.2 4
81.3 4
81.4 4
81.5 4
81.6 4
81.7 4
81.8 4
81.9 4
82.0 4
82.1 4
82.2 4
82.3 4
82.4 4
82.5 4
82.6 4
82.7 4
82.8 3
82.9 4
83.0 4
83.1 4
83.2 4
83.3 4
83.4 4
83.5 4
83.6 4
83.7 4
83.8 5
83.9 4
84.0 4
84.1 4
84.2 4
84.3 3
84.4 4
84.5 4
84.6 4
84.7 4
84.8 3
84.9 4
85.0 4
85.1 4
85.2 4
85.3 4
85.4 4
85.5 4
85.6 4
85.7 4
85.8 4
85.9 4
86.0 4
86.1 4
86.2 4
86.3 4
86.4 4
86.5 4
86.6 4
86.7 4
86.8 4
86.9 4
87.0 4
87.1 4
87.2 4
87.3 5
87.4 4
87.5 4
87.6 4
87.7 4
87.8 5
87.9 4
88.0 4
88.1 4
88.2 4
88.3 4
88.4 4
88.5 4
88.6 4
88.7 4
88.8 4
88.9 4
89.0 4
89.1 4
89.2 4
89.3 4
89.4 4
89.5 4
89.6 4
89.7 4
89.8 4
89.9 4
90.0 5
90.1 4
90.2 4
90.3 4
90.4 4
90.5 4
90.6 4
90.7 4
90.8 4
90.9 4
91.0 3
91.1 4
91.2 4
91.3 4
91.4 4
91.5 5
91.6 4
91.7 4
91.8 4
91.9 4
92.0 4
92.1 4
92.2 4
92.3 4
92.4 4
92.5 4
92.6 4
92.7 4
92.8 4
92.9 4
93.0 4
93.1 4
93.2 4
93.3 4
93.4 4
93.5 3
93.6 4
93.7 4
93.8 4
93.9 4
94.0 4
94.1 4
94.2 4
94.3 4
94.4 4
94.5 4
94.6 4
94.7 4
94.8 4
94.9 4
95.0 4
95.1 4
95.2 4
95.3 4
95.4 4
95.5 4
95.6 4
95.7 4
95.8 4
95.9 4
96.0 4
96.1 4
96.2 4
96.3 4
96.4 4
96.5 4
96.6 4
96.7 4
96.8 3
96.9 4
97.0 4
97.1 4
97.2 4
97.3 3
97.4 4
97.5 4
97.6 4
97.7 4
97.8 4
97.9 4
98.0 4
98.1 4
98.2 4
98.3 4
98.4 4
98.5 4
98.6 4
98.7 4
98.8 4
98.9 4
99.0 4
99.1 4
99.2 4
99.3 4
99.4 4
99.5 4
99.6 4
99.7 4
99.8 4
99.9 4
100.0 4
100.1 4
100.2 4
100.3 4
100.4 4
100.5 4
100.6 4
100.7 4
100.8 4
100.9 4
101.0 4
101.1 4
101.2 4
101.3 4
101.4 4
101.5 4
101.6 4
101.7 4
101.8 4
101.9 4
102.0 4
102.1 4
102.2 4
102.3 4
102.4 4
102.5 4
102.6 4
102.7 4
102.8 4
102.9 4
103.0 4
103.1 4
103.2 4
103.3 5
103.4 4
103.5 4
103.6 4
103.7 4
103.8 4
103.9 4
104.0 4
104.1 4
104.2 4
104.3 3
104.4 4
104.5 4
104.6 4
104.7 4
104.8 4
104.9 4
105.0 4
105.1 4
105.2 4
105.3 4
105.4 4
105.5 4
105.6 4
105.7 4
105.8 4
105.9 4
106.0 4
106.1 4
106.2 4
106.3 4
106.4 4
106.5 4
106.6 4
106.7 4
106.8 4
106.9 4
107.0 4
107.1 4
107.2 4
107.3 4
107.4 4
107.5 4
107.6 3
107.7 4
107.8 4
107.9 4
108.0 4
108.1 3
108.2 4
108.3 4
108.4 4
108.5 4
108.6 4
108.7 4
108.8 4
108.9 4
109.0 4
109.1 4
109.2 4
109.3 4
109.4 4
109.5 4
109.6 4
109.7 4
109.8 4
109.9 4
110.0 4
110.1 4
110.2 4
110.3 4
110.4 4
110.5 4
110.6 4
110.7 4
110.8 4
110.9 4
111.0 4
111.1 5
111.2 4
111.3 4
111.4 4
111.5 4
111.6 5
111.7 4
111.8 4
111.9 4
112.0 4
112.1 4
112.2 4
112.3 4
112.4 4
112.5 4
112.6 4
112.7 4
112.8 4
112.9 4
113.0 4
113.1 4
113.2 4
113.3 4
113.4 4
113.5 4
113.6 4
113.7 4
113.8 4
113.9 4
114.0 4
114.1 4
114.2 4
114.3 4
114.4 4
114.5 4
114.6 4
114.7 4
114.8 4
114.9 4
115.0 4
115.1 4
115.2 4
115.3 4
115.4 4
115.5 4
115.6 4
115.7 4
115.8 4
115.9 4
116.0 4
116.1 4
116.2 4
116.3 4
116.4 4
116.5 4
116.6 4
116.7 4
116.8 4
116.9 4
117.0 4
117.1 4
117.2 4
117.3 4
117.4 4
117.5 4
117.6 4
117.7 4
117.8 4
117.9 4
118.0 4
118.1 3
118.2 4
118.3 4
118.4 4
118.5 4
118.6 4
118.7 4
118.8 4
118.9 4
119.0 4
119.1 5
119.2 4
119.3 4
119.4 4
119.5 4
119.6 4
119.7 4
119.8 4
119.9 4
120.0 4
120.1 4
120.2 4
120.3 4
120.4 4
120.5 4
120.6 4
120.7 4
120.8 4
120.9 4
121.0 4
121.1 4
121.2 4
121.3 4
121.4 4
121.5 4
121.6 4
121.7 4
121.8 4
121.9 4
122.0 4
122.1 4
122.2 4
122.3 5
122.4 4
122.5 4
122.6 4
122.7 4
122.8 5
122.9 4
123.0 4
123.1 4
123.2 4
123.3 4
123.4 4
123.5 4
123.6 4
123.7 4
123.8 3
123.9 4
124.0 4
124.1 4
124.2 4
124.3 3
124.4 4
124.5 4
124.6 4
124.7 4
124.8 4
124.9 4
125.0 4
125.1 4
125.2 4
125.3 4
125.4 4
125.5 4
125.6 4
125.7 4
125.8 4
125.9 4
126.0 4
126.1 4
126.2 4
126.3 4
126.4 4
126.5 4
126.6 4
126.7 4
126.8 4
126.9 4
127.0 4
127.1 4
127.2 4
127.3 4
127.4 4
127.5 4
127.6 3
127.7 4
127.8 4
127.9 4
128.0 4
128.1 4
128.2 4
128.3 4
128.4 4
128.5 4
128.6 4
128.7 4
128.8 4
128.9 4
129.0 4
129.1 4
129.2 4
129.3 4
129.4 4
129.5 4
129.6 4
129.7 4
129.8 4
129.9 4
130.0 4
130.1 3
130.2 4
130.3 4
130.4 4
130.5 4
130.6 4
130.7 4
130.8 4
130.9 4
131.0 4
131.1 4
131.2 4
131.3 4
131.4 4
131.5 4
131.6 5
131.7 4
131.8 4
131.9 4
132.0 4
132.1 5
132.2 4
132.3 4
132.4 4
132.5 4
132.6 4
132.7 4
132.8 4
132.9 4
133.0 4
133.1 4
133.2 4
133.3 4
133.4 4
133.5 4
133.6 3
133.7 4
133.8 4
133.9 4
134.0 4
134.1 3
134.2 4
134.3 4
134.4 4
134.5 4
134.6 4
134.7 4
134.8 4
134.9 4
135.0 4
135.1 4
135.2 4
135.3 4
135.4 4
135.5 4
135.6 5
135.7 4
135.8 4
135.9 4
136.0 4
136.1 5
136.2 4
136.3 4
136.4 4
136.5 4
136.6 4
136.7 4
136.8 4
136.9 4
137.0 4
137.1 4
137.2 4
137.3 4
137.4 4
137.5 4
137.6 4
137.7 4
137.8 5
137.9 4
138.0 4
138.1 4
138.2 4
138.3 4
138.4 4
138.5 4
138.6 4
138.7 4
138.8 3
138.9 4
139.0 4
139.1 4
139.2 4
139.3 4
139.4 4
139.5 4
139.6 4
139.7 4
139.8 4
139.9 4
140.0 4
140.1 4
140.2 4
140.3 4
140.4 4
140.5 4
140.6 4
140.7 4
140.8 4
140.9 4
141.0 4
141.1 3
141.2 4
141.3 4
141.4 4
141.5 4
141.6 3
141.7 4
141.8 4
141.9 4
142.0 4
142.1 4
142.2 4
142.3 4
142.4 4
142.5 4
142.6 4
142.7 4
142.8 4
142.9 4
143.0 4
143.1 4
143.2 4
143.3 4
143.4 4
143.5 4
143.6 4
143.7 4
143.8 4
143.9 4
144.0 4
144.1 4
144.2 4
144.3 4
144.4 4
144.5 4
144.6 4
144.7 4
144.8 4
144.9 4
145.0 4
145.1 4
145.2 4
145.3 4
145.4 4
145.5 4
145.6 4
145.7 4
145.8 4
145.9 4
146.0 4
146.1 4
146.2 4
146.3 4
146.4 4
146.5 4
146.6 4
146.7 4
146.8 4
146.9 4
147.0 4
147.1 4
147.2 4
147.3 4
147.4 4
147.5 4
147.6 4
147.7 4
147.8 4
147.9 3
148.0 4
148.1 4
148.2 4
148.3 4
148.4 3
148.5 4
148.6 4
148.7 4
148.8 4
148.9 4
149.0 4
149.1 4
149.2 4
149.3 4
149.4 5
149.5 4
149.6 4
149.7 4
149.8 4
149.9 4
150.0 4
150.1 4
150.2 4
150.3 4
150.4 3
150.5 4
150.6 4
150.7 4
150.8 4
150.9 5
151.0 4
151.1 4
151.2 4
151.3 4
151.4 4
151.5 4
151.6 4
151.7 4
151.8 4
151.9 3
152.0 4
152.1 4
152.2 4
152.3 4
152.4 4
152.5 4
152.6 4
152.7 4
152.8 4
152.9 5
153.0 4
153.1 4
153.2 4
153.3 4
153.4 4
153.5 4
153.6 4
153.7 4
153.8 4
153.9 3
154.0 4
154.1 4
154.2 4
154.3 4
154.4 4
154.5 4
154.6 4
154.7 4
154.8 4
154.9 4
155.0 4
155.1 4
155.2 4
155.3 4
155.4 4
155.5 4
155.6 4
155.7 4
155.8 4
155.9 4
156.0 4
156.1 4
156.2 4
156.3 4
156.4 4
156.5 4
156.6 4
156.7 4
156.8 4
156.9 4
157.0 4
157.1 4
157.2 4
157.3 4
157.4 4
157.5 4
157.6 4
157.7 4
157.8 4
157.9 4
158.0 4
158.1 4
158.2 4
158.3 4
158.4 4
158.5 4
158.6 4
158.7 3
158.8 4
158.9 4
159.0 4
159.1 4
159.2 3
159.3 4
159.4 4
159.5 4
159.6 4
159.7 4
159.8 4
159.9 4
160.0 4
160.1 4
160.2 4
160.3 4
160.4 4
160.5 4
160.6 4
160.7 4
160.8 4
160.9 4
161.0 4
161.1 4
161.2 4
161.3 4
161.4 4
161.5 4
161.6 4
161.7 4
161.8 4
161.9 4
162.0 4
162.1 4
162.2 4
162.3 4
162.4 4
162.5 4
162.6 4
162.7 4
162.8 4
162.9 4
163.0 4
163.1 4
163.2 4
163.3 4
163.4 4
163.5 4
163.6 4
163.7 4
163.8 4
163.9 4
164.0 4
164.1 4
164.2 4
164.3 4
164.4 4
164.5 4
164.6 4
164.7 4
164.8 4
164.9 4
165.0 4
165.1 4
165.2 4
165.3 4
165.4 4
165.5 4
165.6 4
165.7 4
165.8 4
165.9 4
166.0 4
166.1 4
166.2 4
166.3 4
166.4 4
166.5 4
166.6 4
166.7 5
166.8 4
166.9 4
167.0 4
167.1 4
167.2 5
167.3 4
167.4 4
167.5 4
167.6 4
167.7 4
167.8 4
167.9 4
168.0 4
168.1 4
168.2 4
168.3 4
168.4 4
168.5 4
168.6 4
168.7 4
168.8 4
168.9 4
169.0 4
169.1 4
169.2 3
169.3 4
169.4 4
169.5 4
169.6 4
169.7 3
169.8 4
169.9 4
170.0 4
170.1 4
170.2 4
170.3 4
170.4 4
170.5 4
170.6 4
170.7 4
170.8 4
170.9 4
171.0 4
171.1 4
171.2 4
171.3 4
171.4 4
171.5 4
171.6 4
171.7 4
171.8 4
171.9 4
172.0 4
172.1 4
172.2 4
172.3 4
172.4 4
172.5 4
172.6 4
172.7 4
172.8 4
172.9 4
173.0 4
173.1 4
173.2 4
173.3 4
173.4 4
173.5 4
173.6 4
173.7 5
173.8 4
173.9 4
174.0 4
174.1 4
174.2 5
174.3 4
174.4 4
174.5 4
174.6 4
174.7 4
174.8 4
174.9 4
175.0 4
175.1 4
175.2 4
175.3 4
175.4 4
175.5 4
175.6 4
175.7 4
175.8 4
175.9 4
176.0 4
176.1 4
176.2 4
176.3 4
176.4 4
176.5 4
176.6 4
176.7 3
176.8 4
176.9 4
177.0 4
177.1 4
177.2 4
177.3 4
177.4 4
177.5 4
177.6 4
177.7 5
177.8 4
177.9 4
178.0 4
178.1 4
178.2 4
178.3 4
178.4 4
178.5 4
178.6 4
178.7 3
178.8 4
178.9 4
179.0 4
179.1 4
179.2 4
179.3 4
179.4 4
179.5 4
179.6 4
179.7 5
179.8 4
179.9 4
180.0 4
180.1 4
180.2 4
180.3 4
180.4 4
180.5 4
180.6 4
180.7 4
180.8 4
180.9 4
181.0 4
181.1 4
181.2 4
181.3 4
181.4 4
181.5 4
181.6 4
181.7 4
181.8 4
181.9 4
182.0 4
182.1 4
182.2 4
182.3 4
182.4 4
182.5 4
182.6 4
182.7 4
182.8 4
182.9 4
183.0 4
183.1 4
183.2 3
183.3 4
183.4 4
183.5 4
183.6 4
183.7 3
183.8 4
183.9 4
184.0 4
184.1 4
184.2 4
184.3 4
184.4 4
184.5 4
184.6 4
184.7 5
184.8 4
184.9 4
185.0 4
185.1 4
185.2 4
185.3 4
185.4 4
185.5 4
185.6 4
185.7 3
185.8 4
185.9 4
186.0 4
186.1 4
186.2 5
186.3 4
186.4 4
186.5 4
186.6 4
186.7 5
186.8 4
186.9 4
187.0 4
187.1 4
187.2 4
187.3 4
187.4 4
187.5 4
187.6 4
187.7 4
187.8 4
187.9 4
188.0 4
188.1 4
188.2 4
188.3 4
188.4 4
188.5 4
188.6 4
188.7 4
188.8 4
188.9 4
189.0 4
189.1 4
189.2 4
189.3 4
189.4 4
189.5 4
189.6 4
189.7 4
189.8 4
189.9 5
190.0 4
190.1 4
190.2 4
190.3 4
190.4 5
190.5 4
190.6 4
190.7 4
190.8 4
190.9 4
191.0 4
191.1 4
191.2 4
191.3 4
191.4 4
191.5 4
191.6 4
191.7 4
191.8 4
191.9 4
192.0 4
192.1 5
192.2 4
192.3 4
192.4 4
192.5 4
192.6 5
192.7 4
192.8 4
192.9 4
193.0 4
193.1 3
193.2 4
193.3 4
193.4 4
193.5 4
193.6 4
193.7 4
193.8 4
193.9 4
194.0 4
194.1 5
194.2 4
194.3 5
194.4 4
194.5 4
194.6 4
194.7 4
194.8 4
194.9 4
195.0 4
195.1 4
195.2 4
195.3 3
195.4 4
195.5 4
195.6 4
195.7 4
195.8 4
195.9 4
196.0 4
196.1 4
196.2 4
196.3 4
196.4 4
196.5 4
196.6 4
196.7 4
196.8 4
196.9 4
197.0 4
197.1 4
197.2 4
197.3 4
197.4 4
197.5 4
197.6 4
197.7 4
197.8 4
197.9 4
198.0 4
198.1 4
198.2 4
198.3 4
198.4 4
198.5 4
198.6 3
198.7 4
198.8 4
198.9 4
199.0 4
199.1 3
199.2 4
199.3 4
199.4 4
199.5 4
199.6 4
199.7 4
199.8 4
199.9 4
200.0 4
200.1 4
200.2 4
200.3 4
200.4 4
200.5 4
200.6 4
200.7 4
200.8 4
200.9 4
201.0 4
201.1 4
201.2 4
201.3 4
201.4 3
201.5 4
201.6 4
201.7 4
201.8 4
201.9 3
202.0 4
202.1 4
202.2 4
202.3 4
202.4 4
202.5 4
202.6 4
202.7 4
202.8 4
202.9 4
203.0 4
203.1 4
203.2 4
203.3 4
203.4 5
203.5 4
203.6 4
203.7 4
203.8 4
203.9 5
204.0 4
204.1 4
204.2 4
204.3 4
204.4 3
204.5 4
204.6 4
204.7 4
204.8 4
204.9 3
205.0 4
205.1 4
205.2 4
205.3 4
205.4 4
205.5 4
205.6 4
205.7 4
205.8 4
205.9 4
206.0 4
206.1 4
206.2 4
206.3 4
206.4 5
206.5 4
206.6 4
206.7 4
206.8 4
206.9 5
207.0 4
207.1 4
207.2 4
207.3 4
207.4 3
207.5 4
207.6 4
207.7 4
207.8 4
207.9 3
208.0 4
208.1 4
208.2 4
208.3 4
208.4 4
208.5 4
208.6 4
208.7 4
208.8 4
208.9 4
209.0 4
209.1 4
209.2 4
209.3 4
209.4 4
209.5 4
209.6 4
209.7 4
209.8 4
209.9 4
210.0 4
210.1 4
210.2 4
210.3 4
210.4 4
210.5 4
210.6 4
210.7 4
210.8 4
210.9 4
211.0 4
211.1 4
211.2 4
211.3 4
211.4 4
211.5 4
211.6 4
211.7 4
211.8 4
211.9 4
212.0 4
212.1 4
212.2 4
212.3 4
212.4 4
212.5 4
212.6 4
212.7 4
212.8 4
212.9 4
213.0 4
213.1 4
213.2 4
213.3 4
213.4 4
213.5 4
213.6 4
213.7 3
213.8 4
213.9 4
214.0 4
214.1 4
214.2 3
214.3 4
214.4 4
214.5 4
214.6 4
214.7 5
214.8 4
214.9 4
215.0 4
215.1 4
215.2 4
215.3 4
215.4 4
215.5 4
215.6 4
215.7 3
215.8 4
215.9 4
216.0 4
216.1 4
216.2 4
216.3 4
216.4 4
216.5 4
216.6 4
216.7 5
216.8 4
216.9 4
217.0 4
217.1 4
217.2 5
217.3 4
217.4 4
217.5 4
217.6 4
217.7 4
217.8 4
217.9 4
218.0 4
218.1 4
218.2 4
218.3 4
218.4 4
218.5 4
218.6 4
218.7 4
218.8 4
218.9 4
219.0 4
219.1 4
219.2 3
219.3 4
219.4 4
219.5 4
219.6 4
219.7 3
219.8 4
219.9 4
220.0 4
220.1 4
220.2 4
220.3 4
220.4 4
220.5 4
220.6 4
220.7 4
220.8 4
220.9 4
221.0 4
221.1 4
221.2 4
221.3 4
221.4 4
221.5 4
221.6 4
221.7 5
221.8 4
221.9 4
222.0 4
222.1 4
222.2 5
222.3 4
222.4 4
222.5 4
222.6 4
222.7 4
222.8 4
222.9 4
223.0 4
223.1 4
223.2 4
223.3 4
223.4 4
223.5 4
223.6 4
223.7 4
223.8 4
223.9 4
224.0 4
224.1 4
224.2 4
224.3 4
224.4 4
224.5 4
224.6 4
224.7 4
224.8 4
224.9 4
225.0 4
225.1 4
225.2 4
225.3 4
225.4 5
225.5 4
225.6 4
225.7 4
225.8 4
225.9 5
226.0 4
226.1 4
226.2 4
226.3 4
226.4 4
226.5 4
226.6 4
226.7 4
226.8 4
226.9 3
227.0 4
227.1 4
227.2 4
227.3 4
227.4 4
227.5 4
227.6 4
227.7 4
227.8 4
227.9 5
228.0 4
228.1 4
228.2 4
228.3 4
228.4 4
228.5 4
228.6 4
228.7 4
228.8 4
228.9 4
229.0 4
229.1 4
229.2 4
229.3 4
229.4 4
229.5 4
229.6 4
229.7 4
229.8 4
229.9 4
230.0 4
230.1 4
230.2 4
230.3 4
230.4 4
230.5 4
230.6 4
230.7 4
230.8 4
230.9 3
231.0 4
231.1 4
231.2 4
231.3 4
231.4 3
231.5 4
231.6 4
231.7 4
231.8 4
231.9 5
232.0 4
232.1 4
232.2 4
232.3 4
232.4 5
232.5 4
232.6 4
232.7 4
232.8 4
232.9 4
233.0 4
233.1 4
233.2 4
233.3 4
233.4 4
233.5 4
233.6 4
233.7 4
233.8 4
233.9 4
234.0 4
234.1 4
234.2 4
234.3 4
234.4 4
234.5 4
234.6 4
234.7 4
234.8 4
234.9 4
235.0 4
235.1 5
235.2 4
235.3 4
235.4 4
235.5 4
235.6 5
235.7 4
235.8 4
235.9 4
236.0 4
236.1 4
236.2 4
236.3 4
236.4 4
236.5 4
236.6 4
236.7 4
236.8 4
236.9 4
237.0 4
237.1 4
237.2 4
237.3 5
237.4 4
237.5 4
237.6 4
237.7 4
237.8 4
237.9 4
238.0 4
238.1 4
238.2 4
238.3 3
238.4 4
238.5 4
238.6 4
238.7 4
238.8 4
238.9 4
239.0 4
239.1 4
239.2 4
239.3 5
239.4 4
239.5 4
239.6 4
239.7 4
239.8 5
239.9 4
240.0 4
240.1 4
240.2 4
240.3 4
240.4 4
240.5 4
240.6 4
240.7 4
240.8 4
240.9 4
241.0 4
241.1 4
241.2 4
241.3 4
241.4 4
241.5 4
241.6 4
241.7 4
241.8 4
241.9 4
242.0 4
242.1 4
242.2 4
242.3 3
242.4 4
242.5 4
242.6 4
242.7 4
242.8 3
242.9 4
243.0 4
243.1 4
243.2 4
243.3 4
243.4 4
243.5 4
243.6 4
243.7 4
243.8 4
243.9 4
244.0 4
244.1 4
244.2 4
244.3 5
244.4 4
244.5 4
244.6 4
244.7 4
244.8 4
244.9 4
245.0 4
245.1 4
245.2 4
245.3 4
245.4 4
245.5 4
245.6 4
245.7 4
245.8 5
245.9 4
246.0 4
246.1 4
246.2 4
246.3 4
246.4 4
246.5 4
246.6 4
246.7 4
246.8 4
246.9 4
247.0 4
247.1 4
247.2 4
247.3 4
247.4 4
247.5 4
247.6 4
247.7 4
247.8 4
247.9 4
248.0 4
248.1 4
248.2 4
248.3 4
248.4 4
248.5 4
248.6 4
248.7 4
248.8 4
248.9 4
249.0 4
249.1 4
249.2 4
249.3 3
249.4 4
249.5 4
249.6 4
249.7 4
249.8 3
249.9 4
250.0 4
250.1 4
250.2 4
250.3 4
250.4 4
250.5 4
250.6 4
250.7 4
250.8 4
250.9 4
251.0 4
251.1 4
251.2 4
251.3 5
251.4 4
251.5 4
251.6 4
251.7 4
251.8 5
251.9 4
252.0 4
252.1 4
252.2 4
252.3 4
252.4 4
252.5 4
252.6 4
252.7 4
252.8 4
252.9 4
253.0 4
253.1 4
253.2 4
253.3 4
253.4 4
253.5 4
253.6 4
253.7 4
253.8 4
253.9 4
254.0 4
254.1 4
254.2 4
254.3 4
254.4 4
254.5 4
254.6 4
254.7 4
254.8 3
254.9 4
255.0 4
255.1 4
255.2 4
255.3 3
255.4 4
255.5 4
255.6 4
255.7 4
255.8 4
255.9 4
256.0 4
256.1 4
256.2 4
256.3 4
256.4 4
256.5 4
256.6 4
256.7 4
256.8 4
256.9 4
257.0 4
257.1 4
257.2 4
257.3 4
257.4 4
257.5 4
257.6 4
257.7 4
257.8 4
257.9 4
258.0 4
258.1 4
258.2 4
258.3 5
258.4 4
258.5 4
258.6 4
258.7 4
258.8 5
258.9 4
259.0 4
259.1 4
259.2 4
259.3 4
259.4 4
259.5 4
259.6 4
259.7 4
259.8 3
259.9 4
260.0 4
260.1 4
260.2 4
260.3 3
260.4 4
260.5 4
260.6 3
260.7 4
260.8 4
260.9 4
261.0 4
261.1 3
261.2 4
261.3 4
261.4 4
261.5 4
261.6 4
261.7 4
261.8 4
261.9 4
262.0 4
262.1 4
262.2 4
262.3 4
262.4 4
262.5 4
262.6 4
262.7 4
262.8 4
262.9 4
263.0 4
263.1 4
263.2 4
263.3 4
263.4 4
263.5 4
263.6 4
263.7 4
263.8 4
263.9 4
264.0 4
264.1 4
264.2 4
264.3 4
264.4 4
264.5 4
264.6 4
264.7 4
264.8 4
264.9 4
265.0 4
265.1 4
265.2 4
265.3 4
265.4 4
265.5 4
265.6 4
265.7 4
265.8 4
265.9 4
266.0 4
266.1 4
266.2 4
266.3 4
266.4 4
266.5 4
266.6 4
266.7 4
266.8 4
266.9 4
267.0 4
267.1 4
267.2 4
267.3 4
267.4 4
267.5 4
267.6 4
267.7 4
267.8 4
267.9 4
268.0 4
268.1 4
268.2 4
268.3 4
268.4 4
268.5 4
268.6 5
268.7 4
268.8 4
268.9 4
269.0 4
269.1 5
269.2 4
269.3 4
269.4 4
269.5 4
269.6 4
269.7 4
269.8 5
269.9 4
270.0 4
270.1 4
270.2 4
270.3 4
270.4 4
270.5 4
270.6 4
270.7 4
270.8 3
270.9 4
271.0 4
271.1 4
271.2 4
271.3 5
271.4 4
271.5 4
271.6 4
271.7 4
271.8 4
271.9 4
272.0 4
272.1 4
272.2 4
272.3 3
272.4 4
272.5 4
272.6 4
272.7 4
272.8 4
272.9 4
273.0 4
273.1 4
273.2 4
273.3 4
273.4 4
273.5 4
273.6 4
273.7 4
273.8 4
273.9 4
274.0 4
274.1 4
274.2 4
274.3 5
274.4 4
274.5 4
274.6 4
274.7 4
274.8 4
274.9 4
275.0 4
275.1 4
275.2 4
275.3 4
275.4 4
275.5 4
275.6 4
275.7 4
275.8 5
275.9 4
276.0 4
276.1 4
276.2 4
276.3 4
276.4 4
276.5 4
276.6 4
276.7 4
276.8 4
276.9 4
277.0 4
277.1 4
277.2 4
277.3 4
277.4 4
277.5 4
277.6 4
277.7 4
277.8 4
277.9 4
278.0 4
278.1 4
278.2 4
278.3 4
278.4 4
278.5 4
278.6 4
278.7 4
278.8 4
278.9 4
279.0 4
279.1 4
279.2 4
279.3 4
279.4 4
279.5 4
279.6 4
279.7 4
279.8 4
279.9 4
280.0 4
280.1 4
280.2 4
280.3 4
280.4 4
280.5 4
280.6 4
280.7 4
280.8 4
280.9 4
281.0 4
281.1 4
281.2 4
281.3 4
281.4 4
281.5 4
281.6 4
281.7 4
281.8 3
281.9 4
282.0 4
282.1 4
282.2 4
282.3 4
282.4 4
282.5 4
282.6 4
282.7 4
282.8 4
282.9 4
283.0 4
283.1 4
283.2 4
283.3 3
283.4 4
283.5 4
283.6 4
283.7 4
283.8 5
283.9 4
284.0 4
284.1 4
284.2 4
284.3 5
284.4 4
284.5 4
284.6 4
284.7 4
284.8 4
284.9 4
285.0 4
285.1 4
285.2 4
285.3 4
285.4 4
285.5 4
285.6 4
285.7 4
285.8 4
285.9 4
286.0 4
286.1 4
286.2 4
286.3 4
286.4 4
286.5 4
286.6 4
286.7 4
286.8 4
286.9 4
287.0 4
287.1 4
287.2 4
287.3 4
287.4 4
287.5 4
287.6 4
287.7 4
287.8 4
287.9 4
288.0 4
288.1 4
288.2 4
288.3 4
288.4 4
288.5 4
288.6 4
288.7 4
288.8 4
288.9 4
289.0 4
289.1 4
289.2 4
289.3 4
289.4 4
289.5 5
289.6 4
289.7 4
289.8 4
289.9 4
290.0 5
290.1 4
290.2 4
290.3 4
290.4 4
290.5 4
290.6 4
290.7 4
290.8 4
290.9 4
291.0 4
291.1 4
291.2 4
291.3 4
291.4 4
291.5 4
291.6 4
291.7 4
291.8 4
291.9 4
292.0 4
292.1 4
292.2 4
292.3 4
292.4 4
292.5 4
292.6 4
292.7 4
292.8 4
292.9 4
293.0 4
293.1 4
293.2 4
293.3 4
293.4 4
293.5 4
293.6 4
293.7 4
293.8 4
293.9 4
294.0 4
294.1 4
294.2 4
294.3 4
294.4 4
294.5 4
294.6 4
294.7 4
294.8 4
294.9 4
295.0 4
295.1 4
295.2 4
295.3 4
295.4 4
295.5 4
295.6 4
295.7 5
295.8 4
295.9 4
296.0 4
296.1 4
296.2 5
296.3 4
296.4 4
296.5 4
296.6 4
296.7 4
296.8 4
296.9 4
297.0 4
297.1 4
297.2 4
297.3 4
297.4 4
297.5 4
297.6 4
297.7 4
297.8 4
297.9 4
298.0 4
298.1 4
298.2 4
298.3 4
298.4 4
298.5 4
298.6 4
298.7 4
298.8 4
298.9 4
299.0 4
299.1 4
299.2 3
299.3 4
299.4 4
299.5 4
299.6 4
299.7 3
299.8 4
299.9 4
300.0 4
300.1 4
300.2 4
300.3 4
300.4 4
300.5 4
300.6 4
300.7 4
300.8 4
300.9 4
301.0 4
301.1 4
301.2 4
301.3 4
301.4 4
301.5 4
301.6 4
301.7 4
301.8 4
301.9 4
302.0 4
302.1 4
302.2 4
302.3 4
302.4 4
302.5 4
302.6 4
302.7 4
302.8 4
302.9 4
303.0 4
303.1 4
303.2 4
303.3 4
303.4 4
303.5 4
303.6 4
303.7 4
303.8 4
303.9 4
304.0 4
304.1 4
304.2 4
304.3 4
304.4 4
304.5 4
304.6 4
304.7 4
304.8 4
304.9 4
305.0 4
305.1 4
305.2 4
305.3 4
305.4 4
305.5 4
305.6 4
305.7 4
305.8 4
305.9 4
306.0 4
306.1 4
306.2 4
306.3 4
306.4 4
306.5 4
306.6 4
306.7 4
306.8 4
306.9 4
307.0 4
307.1 4
307.2 4
307.3 4
307.4 4
307.5 4
307.6 4
307.7 5
307.8 4
307.9 4
308.0 4
308.1 4
308.2 5
308.3 4
308.4 4
308.5 4
308.6 4
308.7 3
308.8 4
308.9 4
309.0 4
309.1 4
309.2 3
309.3 4
309.4 4
309.5 4
309.6 4
309.7 4
309.8 4
309.9 4
310.0 4
310.1 4
310.2 5
310.3 4
310.4 4
310.5 4
310.6 4
310.7 4
310.8 4
310.9 4
311.0 4
311.1 4
311.2 3
311.3 4
311.4 4
311.5 4
311.6 4
311.7 4
311.8 4
311.9 4
312.0 4
312.1 4
312.2 4
312.3 4
312.4 4
312.5 4
312.6 4
312.7 4
312.8 4
312.9 4
313.0 4
313.1 4
313.2 4
313.3 4
313.4 4
313.5 4
313.6 4
313.7 4
313.8 4
313.9 4
314.0 4
314.1 4
314.2 4
314.3 4
314.4 4
314.5 4
314.6 4
314.7 4
314.8 4
314.9 4
315.0 3
315.1 4
315.2 4
315.3 4
315.4 4
315.5 3
315.6 4
315.7 4
315.8 4
315.9 4
316.0 4
316.1 4
316.2 4
316.3 4
316.4 4
316.5 4
316.6 4
316.7 4
316.8 4
316.9 4
317.0 4
317.1 4
317.2 4
317.3 4
317.4 4
317.5 4
317.6 4
317.7 4
317.8 4
317.9 4
318.0 4
318.1 4
318.2 4
318.3 4
318.4 4
318.5 4
318.6 4
318.7 4
318.8 4
318.9 4
319.0 4
319.1 4
319.2 4
319.3 4
319.4 4
319.5 4
319.6 4
319.7 4
319.8 4
319.9 4
320.0 4
320.1 4
320.2 4
320.3 4
320.4 4
320.5 4
320.6 4
320.7 4
320.8 4
320.9 4
321.0 4
321.1 4
321.2 4
321.3 4
321.4 4
321.5 4
321.6 4
321.7 4
321.8 4
321.9 4
322.0 4
322.1 4
322.2 4
322.3 4
322.4 4
322.5 4
322.6 4
322.7 4
322.8 4
322.9 4
323.0 5
323.1 4
323.2 4
323.3 4
323.4 4
323.5 5
323.6 4
323.7 4
323.8 4
323.9 4
324.0 4
324.1 4
324.2 4
324.3 4
324.4 4
324.5 3
324.6 4
324.7 4
324.8 4
324.9 4
325.0 3
325.1 4
325.2 4
325.3 4
325.4 4
325.5 5
325.6 4
325.7 4
325.8 4
325.9 4
326.0 4
326.1 4
326.2 4
326.3 4
326.4 4
326.5 3
326.6 4
326.7 4
326.8 4
326.9 4
327.0 4
327.1 4
327.2 4
327.3 4
327.4 4
327.5 5
327.6 4
327.7 4
327.8 4
327.9 4
328.0 4
328.1 4
328.2 4
328.3 4
328.4 4
328.5 3
328.6 4
328.7 4
328.8 4
328.9 4
329.0 5
329.1 4
329.2 4
329.3 4
329.4 4
329.5 5
329.6 4
329.7 4
329.8 4
329.9 4
330.0 4
330.1 4
330.2 4
330.3 4
330.4 4
330.5 4
330.6 4
330.7 4
330.8 4
330.9 4
331.0 4
331.1 4
331.2 4
331.3 4
331.4 4
331.5 4
331.6 4
331.7 4
331.8 4
331.9 4
332.0 4
332.1 4
332.2 4
332.3 4
332.4 4
332.5 4
332.6 4
332.7 5
332.8 4
332.9 4
333.0 4
333.1 4
333.2 5
333.3 4
333.4 4
333.5 4
333.6 4
333.7 3
333.8 4
333.9 4
334.0 4
334.1 4
334.2 4
334.3 4
334.4 4
334.5 4
334.6 4
334.7 5
334.8 4
334.9 4
335.0 4
335.1 4
335.2 4
335.3 4
335.4 4
335.5 4
335.6 4
335.7 4
335.8 4
335.9 4
336.0 4
336.1 4
336.2 4
336.3 4
336.4 4
336.5 4
336.6 4
336.7 4
336.8 4
336.9 4
337.0 4
337.1 4
337.2 4
337.3 4
337.4 5
337.5 4
337.6 4
337.7 4
337.8 4
337.9 5
338.0 4
338.1 4
338.2 4
338.3 4
338.4 4
338.5 4
338.6 4
338.7 4
338.8 4
338.9 4
339.0 4
339.1 4
339.2 4
339.3 4
339.4 4
339.5 4
339.6 4
339.7 4
339.8 4
339.9 4
340.0 4
340.1 4
340.2 4
340.3 4
340.4 3
340.5 4
340.6 4
340.7 4
340.8 4
340.9 4
341.0 4
341.1 4
341.2 4
341.3 4
341.4 4
341.5 4
341.6 4
341.7 4
341.8 4
341.9 3
342.0 4
342.1 4
342.2 4
342.3 4
342.4 4
342.5 4
342.6 4
342.7 4
342.8 4
342.9 4
343.0 4
343.1 4
343.2 4
343.3 4
343.4 4
343.5 4
343.6 4
343.7 4
343.8 4
343.9 4
344.0 4
344.1 4
344.2 4
344.3 4
344.4 5
344.5 4
344.6 4
344.7 4
344.8 4
344.9 4
345.0 4
345.1 4
345.2 4
345.3 4
345.4 3
345.5 4
345.6 4
345.7 4
345.8 4
345.9 4
346.0 4
346.1 4
346.2 4
346.3 4
346.4 5
346.5 4
346.6 4
346.7 4
346.8 4
346.9 4
347.0 4
347.1 4
347.2 4
347.3 4
347.4 3
347.5 4
347.6 4
347.7 4
347.8 4
347.9 4
348.0 4
348.1 4
348.2 4
348.3 4
348.4 4
348.5 4
348.6 4
348.7 4
348.8 4
348.9 4
349.0 4
349.1 4
349.2 4
349.3 4
349.4 4
349.5 4
349.6 4
349.7 4
349.8 4
349.9 4
350.0 4
350.1 4
350.2 4
350.3 4
350.4 4
350.5 4
350.6 4
350.7 4
350.8 4
350.9 4
351.0 4
351.1 4
351.2 4
351.3 4
351.4 4
351.5 4
351.6 4
351.7 4
351.8 4
351.9 4
352.0 4
352.1 4
352.2 4
352.3 4
352.4 4
352.5 4
352.6 4
352.7 4
352.8 4
352.9 4
353.0 4
353.1 4
353.2 3
353.3 4
353.4 4
353.5 4
353.6 4
353.7 3
353.8 4
353.9 4
354.0 4
354.1 4
354.2 4
354.3 4
354.4 4
354.5 4
354.6 4
354.7 4
354.8 4
354.9 4
355.0 4
355.1 4
355.2 4
355.3 4
355.4 4
355.5 4
355.6 4
355.7 4
355.8 4
355.9 4
356.0 4
356.1 4
356.2 4
356.3 4
356.4 4
356.5 4
356.6 4
356.7 4
356.8 4
356.9 4
357.0 4
357.1 4
357.2 5
357.3 4
357.4 4
357.5 4
357.6 4
357.7 5
357.8 4
357.9 5
358.0 4
358.1 4
358.2 4
358.3 4
358.4 5
358.5 4
358.6 4
358.7 4
358.8 4
358.9 4
359.0 4
359.1 4
359.2 4
359.3 4
359.4 4
359.5 4
359.6 4
359.7 4
359.8 4
359.9 4
360.0 4
360.1 4
360.2 4
360.3 4
360.4 3
360.5 4
360.6 4
360.7 4
360.8 4
360.9 3
361.0 4
361.1 4
361.2 4
361.3 4
361.4 4
361.5 4
361.6 4
361.7 4
361.8 4
361.9 4
362.0 4
362.1 4
362.2 3
362.3 4
362.4 4
362.5 4
362.6 4
362.7 4
362.8 4
362.9 4
363.0 4
363.1 4
363.2 5
363.3 4
363.4 4
363.5 4
363.6 4
363.7 4
363.8 4
363.9 4
364.0 4
364.1 4
364.2 4
364.3 4
364.4 4
364.5 4
364.6 4
364.7 4
364.8 4
364.9 4
365.0 4
365.1 4
365.2 4
365.3 4
365.4 4
365.5 4
365.6 4
365.7 4
365.8 4
365.9 4
366.0 4
366.1 4
366.2 4
366.3 4
366.4 5
366.5 4
366.6 4
366.7 4
366.8 4
366.9 5
367.0 4
367.1 4
367.2 4
367.3 4
367.4 4
367.5 4
367.6 4
367.7 4
367.8 4
367.9 4
368.0 4
368.1 4
368.2 4
368.3 4
368.4 3
368.5 4
368.6 4
368.7 4
368.8 4
368.9 3
369.0 4
369.1 4
369.2 4
369.3 4
369.4 5
369.5 4
369.6 4
369.7 4
369.8 4
369.9 5
370.0 4
370.1 4
370.2 4
370.3 4
370.4 3
370.5 4
370.6 4
370.7 4
370.8 4
370.9 4
371.0 4
371.1 4
371.2 4
371.3 4
371.4 5
371.5 4
371.6 4
371.7 4
371.8 4
371.9 4
372.0 4
372.1 4
372.2 4
372.3 4
372.4 4
372.5 4
372.6 4
372.7 4
372.8 4
372.9 4
373.0 4
373.1 4
373.2 4
373.3 4
373.4 4
373.5 4
373.6 4
373.7 4
373.8 4
373.9 4
374.0 4
374.1 4
374.2 4
374.3 4
374.4 4
374.5 4
374.6 5
374.7 4
374.8 4
374.9 4
375.0 4
375.1 5
375.2 4
375.3 4
375.4 4
375.5 4
375.6 3
375.7 4
375.8 4
375.9 4
376.0 4
376.1 3
376.2 4
376.3 4
376.4 4
376.5 4
376.6 4
376.7 4
376.8 4
376.9 3
377.0 4
377.1 4
377.2 4
377.3 4
377.4 4
377.5 4
377.6 4
377.7 4
377.8 4
377.9 5
378.0 4
378.1 4
378.2 4
378.3 4
378.4 4
378.5 4
378.6 4
378.7 4
378.8 4
378.9 4
379.0 4
379.1 4
379.2 4
379.3 4
379.4 4
379.5 4
379.6 4
379.7 4
379.8 4
379.9 4
380.0 4
380.1 4
380.2 4
380.3 4
380.4 4
380.5 4
380.6 4
380.7 4
380.8 4
380.9 4
381.0 4
381.1 4
381.2 4
381.3 4
381.4 4
381.5 4
381.6 5
381.7 4
381.8 4
381.9 4
382.0 4
382.1 5
382.2 4
382.3 4
382.4 4
382.5 4
382.6 3
382.7 4
382.8 4
382.9 4
383.0 4
383.1 3
383.2 4
383.3 4
383.4 4
383.5 4
383.6 4
383.7 4
383.8 4
383.9 4
384.0 4
384.1 5
384.2 4
384.3 4
384.4 4
384.5 4
384.6 5
384.7 4
384.8 4
384.9 4
385.0 4
385.1 3
385.2 4
385.3 4
385.4 4
385.5 4
385.6 3
385.7 4
385.8 4
385.9 4
386.0 4
386.1 5
386.2 4
386.3 4
386.4 4
386.5 4
386.6 5
386.7 4
386.8 4
386.9 4
387.0 4
387.1 4
387.2 4
387.3 4
387.4 4
387.5 4
387.6 4
387.7 4
387.8 4
387.9 4
388.0 4
388.1 4
388.2 4
388.3 4
388.4 4
388.5 4
388.6 4
388.7 4
388.8 5
388.9 4
389.0 4
389.1 4
389.2 4
389.3 5
389.4 4
389.5 4
389.6 4
389.7 4
389.8 4
389.9 4
390.0 4
390.1 4
390.2 4
390.3 4
390.4 4
390.5 4
390.6 4
390.7 4
390.8 4
390.9 4
391.0 4
391.1 4
391.2 4
391.3 4
391.4 4
391.5 4
391.6 4
391.7 4
391.8 3
391.9 4
392.0 4
392.1 4
392.2 4
392.3 3
392.4 4
392.5 4
392.6 4
392.7 4
392.8 4
392.9 4
393.0 4
393.1 4
393.2 4
393.3 4
393.4 4
393.5 4
393.6 3
393.7 4
393.8 4
393.9 4
394.0 4
394.1 3
394.2 4
394.3 4
394.4 4
394.5 4
394.6 4
394.7 4
394.8 4
394.9 4
395.0 4
395.1 4
395.2 4
395.3 4
395.4 4
395.5 4
395.6 4
395.7 4
395.8 4
395.9 4
396.0 4
396.1 4
396.2 4
396.3 4
396.4 4
396.5 4
396.6 4
396.7 4
396.8 4
396.9 4
397.0 4
397.1 4
397.2 4
397.3 4
397.4 4
397.5 4
397.6 4
397.7 4
397.8 4
397.9 4
398.0 4
398.1 4
398.2 4
398.3 4
398.4 4
398.5 4
398.6 4
398.7 4
398.8 4
398.9 3
399.0 4
399.1 4
399.2 4
399.3 4
399.4 4
399.5 4
399.6 4
399.7 4
399.8 4
399.9 5
400.0 4
400.1 4
400.2 4
400.3 4
400.4 4
400.5 4
400.6 4
400.7 4
400.8 4
400.9 4
401.0 4
401.1 4
401.2 4
401.3 4
401.4 4
401.5 4
401.6 4
401.7 4
401.8 4
401.9 4
402.0 4
402.1 4
402.2 4
402.3 4
402.4 4
402.5 4
402.6 4
402.7 4
402.8 4
402.9 4
403.0 4
403.1 4
403.2 4
403.3 4
403.4 4
403.5 4
403.6 4
403.7 4
403.8 4
403.9 4
404.0 4
404.1 4
404.2 4
404.3 4
404.4 4
404.5 4
404.6 4
404.7 4
404.8 4
404.9 4
405.0 4
405.1 4
405.2 4
405.3 4
405.4 4
405.5 4
405.6 4
405.7 4
405.8 4
405.9 4
406.0 4
406.1 4
406.2 4
406.3 4
406.4 4
406.5 4
406.6 4
406.7 4
406.8 4
406.9 4
407.0 4
407.1 4
407.2 4
407.3 4
407.4 3
407.5 4
407.6 4
407.7 4
407.8 4
407.9 3
408.0 4
408.1 4
408.2 4
408.3 4
408.4 4
408.5 4
408.6 4
408.7 4
408.8 4
408.9 4
409.0 4
409.1 4
409.2 4
409.3 4
409.4 4
409.5 4
409.6 4
409.7 4
409.8 4
409.9 5
410.0 4
410.1 4
410.2 4
410.3 4
410.4 5
410.5 4
410.6 4
410.7 4
410.8 4
410.9 3
411.0 4
411.1 4
411.2 4
411.3 4
411.4 3
411.5 4
411.6 4
411.7 3
411.8 4
411.9 4
412.0 4
412.1 4
412.2 4
412.3 4
412.4 4
412.5 4
412.6 4
412.7 4
412.8 4
412.9 4
413.0 4
413.1 4
413.2 3
413.3 4
413.4 4
413.5 4
413.6 4
413.7 4
413.8 4
413.9 4
414.0 4
414.1 4
414.2 4
414.3 4
414.4 4
414.5 4
414.6 4
414.7 4
414.8 4
414.9 4
415.0 4
415.1 4
415.2 4
415.3 4
415.4 4
415.5 3
415.6 4
415.7 4
415.8 4
415.9 4
416.0 3
416.1 4
416.2 4
416.3 4
416.4 4
416.5 4
416.6 4
416.7 4
416.8 4
416.9 4
417.0 4
417.1 4
417.2 4
417.3 4
417.4 4
417.5 5
417.6 4
417.7 4
417.8 4
417.9 4
418.0 5
418.1 4
418.2 4
418.3 4
418.4 4
418.5 4
418.6 4
418.7 4
418.8 4
418.9 4
419.0 4
419.1 4
419.2 4
419.3 4
419.4 4
419.5 4
419.6 4
419.7 4
419.8 4
419.9 4
420.0 4
420.1 4
420.2 4
420.3 4
420.4 4
420.5 4
420.6 4
420.7 4
420.8 4
420.9 4
421.0 4
421.1 4
421.2 4
421.3 4
421.4 4
421.5 4
421.6 4
421.7 4
421.8 4
421.9 4
422.0 4
422.1 4
422.2 4
422.3 4
422.4 4
422.5 4
422.6 4
422.7 5
422.8 4
422.9 4
423.0 4
423.1 4
423.2 5
423.3 4
423.4 4
423.5 4
423.6 4
423.7 4
423.8 4
423.9 4
424.0 4
424.1 4
424.2 4
424.3 4
424.4 4
424.5 4
424.6 4
424.7 3
424.8 4
424.9 4
425.0 4
425.1 4
425.2 4
425.3 4
425.4 4
425.5 4
425.6 4
425.7 4
425.8 4
425.9 4
426.0 4
426.1 4
426.2 3
426.3 4
426.4 4
426.5 4
426.6 4
426.7 4
426.8 4
426.9 4
427.0 4
427.1 4
427.2 4
427.3 4
427.4 4
427.5 3
427.6 4
427.7 4
427.8 4
427.9 4
428.0 4
428.1 4
428.2 4
428.3 4
428.4 4
428.5 5
428.6 4
428.7 4
428.8 4
428.9 4
429.0 4
429.1 4
429.2 4
429.3 4
429.4 4
429.5 4
429.6 4
429.7 4
429.8 4
429.9 4
430.0 4
430.1 4
430.2 4
430.3 4
430.4 4
430.5 4
430.6 4
430.7 4
430.8 4
430.9 4
431.0 4
431.1 4
431.2 4
431.3 4
431.4 4
431.5 4
431.6 4
431.7 4
431.8 4
431.9 4
432.0 4
432.1 4
432.2 5
432.3 4
432.4 4
432.5 4
432.6 4
432.7 5
432.8 4
432.9 4
433.0 4
433.1 4
433.2 4
433.3 4
433.4 4
433.5 4
433.6 4
433.7 4
433.8 4
433.9 4
434.0 4
434.1 4
434.2 4
434.3 4
434.4 4
434.5 4
434.6 4
434.7 4
434.8 4
434.9 4
435.0 4
435.1 4
435.2 4
435.3 4
435.4 4
435.5 4
435.6 4
435.7 4
435.8 4
435.9 5
436.0 4
436.1 4
436.2 4
436.3 4
436.4 5
436.5 4
436.6 4
436.7 4
436.8 4
436.9 3
437.0 4
437.1 4
437.2 4
437.3 4
437.4 4
437.5 4
437.6 4
437.7 4
437.8 4
437.9 5
438.0 4
438.1 4
438.2 4
438.3 4
438.4 3
438.5 4
438.6 4
438.7 4
438.8 4
438.9 3
439.0 4
439.1 4
439.2 4
439.3 4
439.4 5
439.5 4
439.6 4
439.7 4
439.8 4
439.9 5
440.0 4
440.1 4
440.2 4
440.3 4
440.4 4
440.5 4
440.6 4
440.7 4
440.8 4
440.9 4
441.0 4
441.1 4
441.2 4
441.3 4
441.4 4
441.5 4
441.6 5
441.7 4
441.8 4
441.9 4
442.0 4
442.1 5
442.2 4
442.3 4
442.4 4
442.5 4
442.6 4
442.7 4
442.8 4
442.9 4
443.0 4
443.1 4
443.2 4
443.3 4
443.4 4
443.5 4
443.6 4
443.7 4
443.8 4
443.9 4
444.0 4
444.1 4
444.2 4
444.3 4
444.4 4
444.5 4
444.6 4
444.7 4
444.8 4
444.9 4
445.0 4
445.1 4
445.2 4
445.3 4
445.4 4
445.5 4
445.6 4
445.7 4
445.8 5
445.9 4
446.0 4
446.1 4
446.2 4
446.3 5
446.4 4
446.5 4
446.6 4
446.7 4
446.8 3
446.9 4
447.0 4
447.1 4
447.2 4
447.3 3
447.4 4
447.5 4
447.6 4
447.7 4
447.8 4
447.9 4
448.0 4
448.1 4
448.2 4
448.3 5
448.4 4
448.5 4
448.6 4
448.7 4
448.8 5
448.9 4
449.0 4
449.1 4
449.2 4
449.3 4
449.4 4
449.5 4
449.6 4
449.7 4
449.8 4
449.9 4
450.0 4
450.1 4
450.2 4
450.3 4
450.4 4
450.5 4
450.6 4
450.7 4
450.8 4
450.9 4
451.0 4
451.1 4
451.2 4
451.3 4
451.4 4
451.5 4
451.6 4
451.7 4
451.8 4
451.9 4
452.0 4
452.1 4
452.2 4
452.3 4
452.4 4
452.5 4
452.6 4
452.7 4
452.8 4
452.9 4
453.0 4
453.1 4
453.2 4
453.3 4
453.4 4
453.5 4
453.6 4
453.7 4
453.8 4
453.9 4
454.0 4
454.1 4
454.2 4
454.3 4
454.4 4
454.5 4
454.6 4
454.7 4
454.8 4
454.9 4
455.0 4
455.1 4
455.2 4
455.3 4
455.4 4
455.5 4
455.6 4
455.7 4
455.8 4
455.9 4
456.0 4
456.1 4
456.2 4
456.3 4
456.4 4
456.5 4
456.6 4
456.7 4
456.8 3
456.9 4
457.0 4
457.1 4
457.2 4
457.3 3
457.4 4
457.5 4
457.6 4
457.7 4
457.8 4
457.9 4
458.0 4
458.1 4
458.2 4
458.3 4
458.4 4
458.5 4
458.6 3
458.7 4
458.8 4
458.9 4
459.0 4
459.1 4
459.2 4
459.3 4
459.4 4
459.5 4
459.6 5
459.7 4
459.8 4
459.9 4
460.0 4
460.1 4
460.2 4
460.3 5
460.4 4
460.5 4
460.6 4
460.7 4
460.8 5
460.9 4
461.0 4
461.1 4
461.2 4
461.3 4
461.4 4
461.5 4
461.6 4
461.7 4
461.8 4
461.9 4
462.0 4
462.1 4
462.2 4
462.3 4
462.4 4
462.5 4
462.6 4
462.7 4
462.8 4
462.9 4
463.0 4
463.1 4
463.2 4
463.3 4
463.4 4
463.5 4
463.6 4
463.7 4
463.8 4
463.9 4
464.0 4
464.1 4
464.2 4
464.3 3
464.4 4
464.5 4
464.6 4
464.7 4
464.8 3
464.9 4
465.0 4
465.1 4
465.2 4
465.3 4
465.4 4
465.5 4
465.6 4
465.7 4
465.8 4
465.9 4
466.0 4
466.1 3
466.2 4
466.3 4
466.4 4
466.5 4
466.6 4
466.7 4
466.8 4
466.9 4
467.0 4
467.1 5
467.2 4
467.3 4
467.4 4
467.5 4
467.6 4
467.7 4
467.8 4
467.9 4
468.0 4
468.1 4
468.2 4
468.3 5
468.4 4
468.5 4
468.6 4
468.7 4
468.8 5
468.9 4
469.0 4
469.1 4
469.2 4
469.3 4
469.4 4
469.5 4
469.6 4
469.7 4
469.8 3
469.9 4
470.0 4
470.1 4
470.2 4
470.3 3
470.4 4
470.5 4
470.6 4
470.7 4
470.8 5
470.9 4
471.0 4
471.1 4
471.2 4
471.3 5
471.4 4
471.5 4
471.6 4
471.7 4
471.8 4
471.9 4
472.0 4
472.1 4
472.2 4
472.3 4
472.4 4
472.5 4
472.6 4
472.7 4
472.8 4
472.9 4
473.0 4
473.1 4
473.2 4
473.3 4
473.4 4
473.5 4
473.6 4
473.7 4
473.8 3
473.9 4
474.0 4
474.1 4
474.2 4
474.3 3
474.4 4
474.5 4
474.6 4
474.7 4
474.8 4
474.9 4
475.0 4
475.1 4
475.2 4
475.3 4
475.4 4
475.5 4
475.6 4
475.7 4
475.8 5
475.9 4
476.0 4
476.1 4
476.2 4
476.3 5
476.4 4
476.5 4
476.6 4
476.7 4
476.8 3
476.9 4
477.0 4
477.1 4
477.2 4
477.3 4
477.4 4
477.5 4
477.6 4
477.7 4
477.8 5
477.9 4
478.0 4
478.1 4
478.2 4
478.3 4
478.4 4
478.5 4
478.6 4
478.7 4
478.8 4
478.9 4
479.0 4
479.1 4
479.2 4
479.3 4
479.4 4
479.5 4
479.6 4
479.7 4
479.8 4
479.9 4
480.0 4
480.1 4
480.2 4
480.3 4
480.4 4
480.5 4
480.6 4
480.7 4
480.8 4
480.9 4
481.0 4
481.1 4
481.2 4
481.3 4
481.4 4
481.5 4
481.6 4
481.7 4
481.8 4
481.9 4
482.0 4
482.1 4
482.2 4
482.3 4
482.4 4
482.5 4
482.6 4
482.7 4
482.8 3
482.9 4
483.0 4
483.1 4
483.2 4
483.3 3
483.4 4
483.5 4
483.6 4
483.7 4
483.8 4
483.9 4
484.0 4
484.1 4
484.2 4
484.3 5
484.4 4
484.5 4
484.6 4
484.7 4
484.8 5
484.9 4
485.0 4
485.1 4
485.2 4
485.3 3
485.4 4
485.5 4
485.6 4
485.7 4
485.8 3
485.9 4
486.0 4
486.1 4
486.2 4
486.3 5
486.4 4
486.5 4
486.6 4
486.7 4
486.8 5
486.9 4
487.0 4
487.1 4
487.2 4
487.3 3
487.4 4
487.5 4
487.6 4
487.7 4
487.8 3
487.9 4
488.0 4
488.1 4
488.2 4
488.3 4
488.4 4
488.5 4
488.6 4
488.7 4
488.8 4
488.9 4
489.0 4
489.1 4
489.2 4
489.3 4
489.4 4
489.5 4
489.6 4
489.7 4
489.8 4
489.9 4
490.0 4
490.1 4
490.2 4
490.3 4
490.4 4
490.5 4
490.6 4
490.7 4
490.8 4
490.9 4
491.0 4
491.1 4
491.2 4
491.3 4
491.4 4
491.5 4
491.6 4
491.7 4
491.8 4
491.9 4
492.0 4
492.1 4
492.2 4
492.3 4
492.4 4
492.5 4
492.6 4
492.7 4
492.8 4
492.9 4
493.0 4
493.1 4
493.2 4
493.3 4
493.4 4
493.5 4
493.6 4
493.7 4
493.8 5
493.9 4
494.0 4
494.1 4
494.2 4
494.3 5
494.4 4
494.5 4
494.6 4
494.7 4
494.8 3
494.9 4
495.0 4
495.1 4
495.2 4
495.3 3
495.4 4
495.5 4
495.6 4
495.7 4
495.8 5
495.9 4
496.0 4
496.1 4
496.2 4
496.3 5
496.4 4
496.5 4
496.6 4
496.7 4
496.8 4
496.9 4
497.0 4
497.1 4
497.2 4
497.3 4
497.4 4
497.5 4
497.6 4
497.7 4
497.8 4
497.9 4
498.0 4
498.1 4
498.2 4
498.3 4
498.4 4
498.5 4
498.6 4
498.7 4
498.8 4
498.9 4
499.0 4
