0.0 5
0.1 5
0.2 4
0.3 5
0.4 4
0.5 4
0.6 4
0.7 4
0.8 4
0.9 3
1.0 2
1.1 3
1.2 3
1.3 3
1.4 3
1.5 3
1.6 3
1.7 3
1.8 3
1.9 3
2.0 4
2.1 3
2.2 3
2.3 3
2.4 3
2.5 3
2.6 2
2.7 3
2.8 3
2.9 3
3.0 2
3.1 3
3.2 3
3.3 3
3.4 3
3.5 3
3.6 3
3.7 3
3.8 3
3.9 4
4.0 4
4.1 3
4.2 3
4.3 3
4.4 3
4.5 3
4.6 4
4.7 3
4.8 3
4.9 2
5.0 2
5.1 3
5.2 3
5.3 3
5.4 3
5.5 3
5.6 2
5.7 2
5.8 2
5.9 2
6.0 3
6.1 2
6.2 3
6.3 2
6.4 2
6.5 2
6.6 3
6.7 3
6.8 3
6.9 4
7.0 3
7.1 3
7.2 2
7.3 2
7.4 3
7.5 3
7.6 2
7.7 2
7.8 3
7.9 2
8.0 2
8.1 2
8.2 3
8.3 3
8.4 2
8.5 2
8.6 3
8.7 3
8.8 2
8.9 2
9.0 2
9.1 3
9.2 2
9.3 2
9.4 2
9.5 2
9.6 2
9.7 2
9.8 2
9.9 3
10.0 3
10.1 2
10.2 3
10.3 3
10.4 3
10.5 3
10.6 2
10.7 3
10.8 3
10.9 2
11.0 3
11.1 3
11.2 2
11.3 2
11.4 3
11.5 3
11.6 3
11.7 2
11.8 2
11.9 3
12.0 2
12.1 2
12.2 2
12.3 2
12.4 1
12.5 2
12.6 2
12.7 2
12.8 3
12.9 2
13.0 2
13.1 2
13.2 2
13.3 3
13.4 3
13.5 2
13.6 2
13.7 3
13.8 2
13.9 2
14.0 2
14.1 3
14.2 3
14.3 2
14.4 3
14.5 3
14.6 3
14.7 2
14.8 2
14.9 3
15.0 3
15.1 2
15.2 2
15.3 2
15.4 2
15.5 2
15.6 2
15.7 2
15.8 2
15.9 2
16.0 2
16.1 2
16.2 2
16.3 3
16.4 2
16.5 2
16.6 3
16.7 3
16.8 3
16.9 2
17.0 3
17.1 3
17.2 3
17.3 3
17.4 3
17.5 3
17.6 2
17.7 2
17.8 3
17.9 3
18.0 2
18.1 3
18.2 3
18.3 3
18.4 3
18.5 3
18.6 3
18.7 3
18.8 3
18.9 3
19.0 4
19.1 3
19.2 4
19.3 3
19.4 3
19.5 3
19.6 4
19.7 4
19.8 3
19.9 4
20.0 3
20.1 3
20.2 2
20.3 2
20.4 3
20.5 3
20.6 2
20.7 2
20.8 2
20.9 2
21.0 2
21.1 2
21.2 3
21.3 3
21.4 2
21.5 2
21.6 3
21.7 3
21.8 3
21.9 2
22.0 3
22.1 3
22.2 2
22.3 2
22.4 3
22.5 3
22.6 2
22.7 3
22.8 3
22.9 3
23.0 3
23.1 3
23.2 3
23.3 3
23.4 3
23.5 3
23.6 3
23.7 3
23.8 3
23.9 3
24.0 2
24.1 3
24.2 3
24.3 3
24.4 2
24.5 2
24.6 3
24.7 2
24.8 2
24.9 3
25.0 3
25.1 2
25.2 2
25.3 3
25.4 3
25.5 3
25.6 3
25.7 3
25.8 3
25.9 2
26.0 3
26.1 3
26.2 4
26.3 3
26.4 4
26.5 4
26.6 3
26.7 4
26.8 4
26.9 4
27.0 3
27.1 4
27.2 3
27.3 4
27.4 3
27.5 4
27.6 5
27.7 4
27.8 4
27.9 4
28.0 5
28.1 4
28.2 4
28.3 3
28.4 3
28.5 3
28.6 2
28.7 2
28.8 2
28.9 2
29.0 1
29.1 2
29.2 2
29.3 2
29.4 2
29.5 2
29.6 2
29.7 2
29.8 2
29.9 3
30.0 3
30.1 2
30.2 2
30.3 3
30.4 3
30.5 2
30.6 2
30.7 2
30.8 3
30.9 2
31.0 2
31.1 3
31.2 3
31.3 2
31.4 3
31.5 3
31.6 3
31.7 3
31.8 3
31.9 3
32.0 4
32.1 3
32.2 3
32.3 4
32.4 3
32.5 3
32.6 3
32.7 4
32.8 3
32.9 3
33.0 2
33.1 3
33.2 3
33.3 2
33.4 3
33.5 3
33.6 3
33.7 2
33.8 3
33.9 3
34.0 3
34.1 2
34.2 3
34.3 3
34.4 2
34.5 2
34.6 3
34.7 3
34.8 2
34.9 2
35.0 3
35.1 3
35.2 3
35.3 4
35.4 4
35.5 5
35.6 4
35.7 4
35.8 4
35.9 5
36.0 4
36.1 4
36.2 4
36.3 3
36.4 3
36.5 2
36.6 3
36.7 3
36.8 3
36.9 2
37.0 3
37.1 3
37.2 2
37.3 2
37.4 3
37.5 3
37.6 2
37.7 3
37.8 3
37.9 4
38.0 3
38.1 4
38.2 4
38.3 4
38.4 3
38.5 4
38.6 4
38.7 3
38.8 4
38.9 3
39.0 3
39.1 2
39.2 2
39.3 3
39.4 3
39.5 3
39.6 3
39.7 3
39.8 3
39.9 3
40.0 4
40.1 4
40.2 4
40.3 4
40.4 4
40.5 3
40.6 4
40.7 4
40.8 4
40.9 4
41.0 3
41.1 3
41.2 4
41.3 3
41.4 3
41.5 3
41.6 2
41.7 3
41.8 2
41.9 3
42.0 3
42.1 3
42.2 3
42.3 3
42.4 3
42.5 3
42.6 3
42.7 3
42.8 3
42.9 2
43.0 2
43.1 3
43.2 2
43.3 2
43.4 3
43.5 3
43.6 3
43.7 3
43.8 3
43.9 3
44.0 3
44.1 3
44.2 3
44.3 3
44.4 3
44.5 3
44.6 3
44.7 3
44.8 3
44.9 3
45.0 3
45.1 3
45.2 3
45.3 3
45.4 3
45.5 3
45.6 3
45.7 3
45.8 3
45.9 4
46.0 4
46.1 3
46.2 3
46.3 4
46.4 3
46.5 3
46.6 3
46.7 2
46.8 3
46.9 2
47.0 3
47.1 3
47.2 3
47.3 3
47.4 3
47.5 3
47.6 4
47.7 4
47.8 3
47.9 4
48.0 3
48.1 3
48.2 3
48.3 2
48.4 3
48.5 3
48.6 2
48.7 3
48.8 3
48.9 2
49.0 3
49.1 3
49.2 3
49.3 3
49.4 2
49.5 3
49.6 3
49.7 2
49.8 2
49.9 2
50.0 2
50.1 2
50.2 2
50.3 2
50.4 2
50.5 1
50.6 2
50.7 2
50.8 2
50.9 3
51.0 2
51.1 2
51.2 3
51.3 3
51.4 3
51.5 3
51.6 3
51.7 3
51.8 3
51.9 2
52.0 3
52.1 3
52.2 2
52.3 2
52.4 2
52.5 3
52.6 2
52.7 2
52.8 2
52.9 3
53.0 2
53.1 2
53.2 3
53.3 3
53.4 3
53.5 2
53.6 2
53.7 2
53.8 3
53.9 2
54.0 2
54.1 3
54.2 2
54.3 2
54.4 3
54.5 3
54.6 3
54.7 4
54.8 3
54.9 3
55.0 4
55.1 3
55.2 3
55.3 3
55.4 2
55.5 3
55.6 3
55.7 2
55.8 2
55.9 2
56.0 2
56.1 2
56.2 3
56.3 3
56.4 3
56.5 2
56.6 3
56.7 3
56.8 3
56.9 4
57.0 3
57.1 4
57.2 3
57.3 3
57.4 4
57.5 4
57.6 3
57.7 3
57.8 4
57.9 3
58.0 3
58.1 3
58.2 3
58.3 4
58.4 3
58.5 3
58.6 4
58.7 4
58.8 3
58.9 3
59.0 4
59.1 3
59.2 3
59.3 2
59.4 2
59.5 3
59.6 2
59.7 2
59.8 3
59.9 3
60.0 2
60.1 3
60.2 3
60.3 3
60.4 4
60.5 3
60.6 3
60.7 3
60.8 2
60.9 2
61.0 3
61.1 2
61.2 2
61.3 2
61.4 2
61.5 2
61.6 2
61.7 2
61.8 3
61.9 3
62.0 3
62.1 3
62.2 3
62.3 4
62.4 3
62.5 3
62.6 3
62.7 4
62.8 3
62.9 4
63.0 3
63.1 3
63.2 3
63.3 3
63.4 3
63.5 3
63.6 3
63.7 3
63.8 3
63.9 3
64.0 3
64.1 3
64.2 3
64.3 2
64.4 3
64.5 3
64.6 3
64.7 3
64.8 3
64.9 2
65.0 3
65.1 3
65.2 3
65.3 3
65.4 3
65.5 3
65.6 3
65.7 2
65.8 3
65.9 3
66.0 2
66.1 3
66.2 3
66.3 4
66.4 3
66.5 4
66.6 4
66.7 4
66.8 3
66.9 4
67.0 4
67.1 3
67.2 4
67.3 3
67.4 3
67.5 2
67.6 2
67.7 3
67.8 3
67.9 2
68.0 3
68.1 3
68.2 2
68.3 3
68.4 3
68.5 3
68.6 4
68.7 3
68.8 3
68.9 3
69.0 2
69.1 3
69.2 3
69.3 3
69.4 3
69.5 3
69.6 2
69.7 3
69.8 3
69.9 4
70.0 4
70.1 3
70.2 3
70.3 2
70.4 3
70.5 3
70.6 3
70.7 4
70.8 4
70.9 3
71.0 3
71.1 4
71.2 4
71.3 4
71.4 3
71.5 4
71.6 4
71.7 3
71.8 3
71.9 3
72.0 3
72.1 2
72.2 3
72.3 3
72.4 3
72.5 3
72.6 3
72.7 2
72.8 2
72.9 3
73.0 3
73.1 3
73.2 2
73.3 3
73.4 3
73.5 2
73.6 2
73.7 3
73.8 3
73.9 2
74.0 2
74.1 2
74.2 3
74.3 2
74.4 2
74.5 2
74.6 2
74.7 1
74.8 2
74.9 2
75.0 2
75.1 2
75.2 2
75.3 2
75.4 2
75.5 2
75.6 2
75.7 3
75.8 2
75.9 2
76.0 3
76.1 3
76.2 2
76.3 2
76.4 3
76.5 3
76.6 3
76.7 2
76.8 3
76.9 3
77.0 2
77.1 2
77.2 3
77.3 3
77.4 2
77.5 3
77.6 3
77.7 3
77.8 4
77.9 4
78.0 4
78.1 5
78.2 4
78.3 4
78.4 4
78.5 3
78.6 4
78.7 4
78.8 2
78.9 3
79.0 3
79.1 2
79.2 3
79.3 3
79.4 3
79.5 3
79.6 3
79.7 3
79.8 3
79.9 2
80.0 3
80.1 3
80.2 2
80.3 2
80.4 3
80.5 3
80.6 2
80.7 2
80.8 2
80.9 3
81.0 2
81.1 2
81.2 3
81.3 3
81.4 2
81.5 3
81.6 3
81.7 3
81.8 3
81.9 2
82.0 3
82.1 3
82.2 2
82.3 2
82.4 2
82.5 2
82.6 2
82.7 2
82.8 2
82.9 3
83.0 2
83.1 2
83.2 3
83.3 3
83.4 3
83.5 2
83.6 2
83.7 3
83.8 3
83.9 2
84.0 2
84.1 2
84.2 2
84.3 2
84.4 2
84.5 2
84.6 2
84.7 2
84.8 2
84.9 2
85.0 2
85.1 3
85.2 2
85.3 2
85.4 3
85.5 3
85.6 3
85.7 3
85.8 3
85.9 3
86.0 3
86.1 3
86.2 3
86.3 3
86.4 2
86.5 2
86.6 2
86.7 1
86.8 2
86.9 2
87.0 3
87.1 2
87.2 2
87.3 2
87.4 2
87.5 3
87.6 3
87.7 3
87.8 2
87.9 3
88.0 2
88.1 2
88.2 2
88.3 2
88.4 3
88.5 2
88.6 2
88.7 2
88.8 2
88.9 2
89.0 2
89.1 2
89.2 2
89.3 3
89.4 2
89.5 2
89.6 2
89.7 3
89.8 3
89.9 2
90.0 2
90.1 2
90.2 3
90.3 2
90.4 3
90.5 3
90.6 3
90.7 2
90.8 3
90.9 3
91.0 3
91.1 3
91.2 2
91.3 3
91.4 2
91.5 2
91.6 3
91.7 3
91.8 2
91.9 3
92.0 3
92.1 3
92.2 3
92.3 2
92.4 3
92.5 3
92.6 2
92.7 2
92.8 2
92.9 2
93.0 2
93.1 2
93.2 3
93.3 3
93.4 2
93.5 2
93.6 3
93.7 3
93.8 4
93.9 3
94.0 3
94.1 3
94.2 2
94.3 3
94.4 3
94.5 3
94.6 2
94.7 3
94.8 2
94.9 2
95.0 2
95.1 3
95.2 3
95.3 2
95.4 2
95.5 2
95.6 3
95.7 2
95.8 3
95.9 3
96.0 3
96.1 2
96.2 3
96.3 3
96.4 3
96.5 3
96.6 3
96.7 3
96.8 2
96.9 2
97.0 3
97.1 3
97.2 3
97.3 3
97.4 3
97.5 4
97.6 3
97.7 3
97.8 3
97.9 4
98.0 3
98.1 3
98.2 3
98.3 3
98.4 3
98.5 2
98.6 2
98.7 3
98.8 3
98.9 2
99.0 2
99.1 2
99.2 2
99.3 2
99.4 2
99.5 2
99.6 3
99.7 2
99.8 3
99.9 3
100.0 3
100.1 3
100.2 3
100.3 3
100.4 3
100.5 4
100.6 3
100.7 3
100.8 2
100.9 3
101.0 3
101.1 4
101.2 3
101.3 3
101.4 3
101.5 2
101.6 3
101.7 4
101.8 4
101.9 3
102.0 3
102.1 2
102.2 2
102.3 3
102.4 3
102.5 3
102.6 2
102.7 1
102.8 1
102.9 2
103.0 2
103.1 2
103.2 3
103.3 2
103.4 2
103.5 2
103.6 2
103.7 3
103.8 3
103.9 2
104.0 2
104.1 3
104.2 2
104.3 2
104.4 3
104.5 3
104.6 4
104.7 3
104.8 3
104.9 3
105.0 3
105.1 3
105.2 4
105.3 4
105.4 3
105.5 4
105.6 3
105.7 4
105.8 4
105.9 4
106.0 4
106.1 4
106.2 3
106.3 3
106.4 4
106.5 3
106.6 3
106.7 3
106.8 4
106.9 4
107.0 4
107.1 3
107.2 3
107.3 4
107.4 3
107.5 3
107.6 3
107.7 3
107.8 2
107.9 2
108.0 3
108.1 3
108.2 3
108.3 2
108.4 3
108.5 3
108.6 3
108.7 2
108.8 3
108.9 3
109.0 2
109.1 2
109.2 3
109.3 3
109.4 2
109.5 3
109.6 3
109.7 4
109.8 3
109.9 3
110.0 3
110.1 3
110.2 3
110.3 3
110.4 3
110.5 3
110.6 3
110.7 2
110.8 3
110.9 3
111.0 3
111.1 3
111.2 3
111.3 3
111.4 3
111.5 3
111.6 3
111.7 3
111.8 2
111.9 3
112.0 3
112.1 3
112.2 3
112.3 3
112.4 3
112.5 2
112.6 2
112.7 2
112.8 3
112.9 2
113.0 2
113.1 2
113.2 2
113.3 2
113.4 3
113.5 3
113.6 3
113.7 3
113.8 3
113.9 3
114.0 4
114.1 4
114.2 3
114.3 3
114.4 3
114.5 3
114.6 3
114.7 4
114.8 3
114.9 3
115.0 3
115.1 3
115.2 3
115.3 3
115.4 3
115.5 3
115.6 3
115.7 2
115.8 2
115.9 2
116.0 2
116.1 2
116.2 2
116.3 2
116.4 2
116.5 2
116.6 2
116.7 2
116.8 3
116.9 3
117.0 3
117.1 3
117.2 3
117.3 4
117.4 3
117.5 3
117.6 4
117.7 4
117.8 3
117.9 4
118.0 3
118.1 3
118.2 4
118.3 3
118.4 3
118.5 4
118.6 3
118.7 3
118.8 3
118.9 3
119.0 3
119.1 3
119.2 3
119.3 3
119.4 3
119.5 3
119.6 3
119.7 3
119.8 4
119.9 4
120.0 4
120.1 4
120.2 3
120.3 3
120.4 3
120.5 3
120.6 3
120.7 3
120.8 3
120.9 2
121.0 2
121.1 2
121.2 3
121.3 3
121.4 3
121.5 2
121.6 3
121.7 3
121.8 2
121.9 2
122.0 3
122.1 3
122.2 2
122.3 2
122.4 3
122.5 3
122.6 3
122.7 4
122.8 4
122.9 4
123.0 3
123.1 3
123.2 4
123.3 4
123.4 3
123.5 4
123.6 3
123.7 2
123.8 2
123.9 3
124.0 3
124.1 3
124.2 3
124.3 3
124.4 3
124.5 2
124.6 2
124.7 3
124.8 3
124.9 2
125.0 2
125.1 2
125.2 2
125.3 2
125.4 2
125.5 3
125.6 3
125.7 2
125.8 2
125.9 3
126.0 3
126.1 3
126.2 3
126.3 3
126.4 3
126.5 3
126.6 3
126.7 3
126.8 3
126.9 3
127.0 4
127.1 4
127.2 3
127.3 3
127.4 4
127.5 3
127.6 3
127.7 4
127.8 4
127.9 3
128.0 3
128.1 3
128.2 4
128.3 4
128.4 3
128.5 3
128.6 3
128.7 2
128.8 3
128.9 3
129.0 2
129.1 3
129.2 2
129.3 2
129.4 2
129.5 3
129.6 3
129.7 3
129.8 3
129.9 3
130.0 3
130.1 2
130.2 3
130.3 3
130.4 3
130.5 3
130.6 3
130.7 4
130.8 3
130.9 3
131.0 3
131.1 4
131.2 3
131.3 3
131.4 4
131.5 3
131.6 3
131.7 2
131.8 2
131.9 3
132.0 3
132.1 3
132.2 3
132.3 3
132.4 2
132.5 2
132.6 2
132.7 3
132.8 3
132.9 3
133.0 3
133.1 3
133.2 3
133.3 4
133.4 4
133.5 4
133.6 4
133.7 3
133.8 3
133.9 3
134.0 3
134.1 2
134.2 3
134.3 2
134.4 2
134.5 2
134.6 2
134.7 3
134.8 3
134.9 3
135.0 3
135.1 3
135.2 2
135.3 3
135.4 3
135.5 3
135.6 4
135.7 3
135.8 3
135.9 2
136.0 3
136.1 3
136.2 3
136.3 3
136.4 3
136.5 3
136.6 2
136.7 3
136.8 3
136.9 3
137.0 3
137.1 3
137.2 3
137.3 2
137.4 2
137.5 2
137.6 3
137.7 2
137.8 2
137.9 2
138.0 1
138.1 2
138.2 2
138.3 2
138.4 3
138.5 3
138.6 2
138.7 3
138.8 3
138.9 3
139.0 3
139.1 2
139.2 3
139.3 3
139.4 2
139.5 2
139.6 3
139.7 2
139.8 2
139.9 2
140.0 3
140.1 3
140.2 2
140.3 2
140.4 3
140.5 3
140.6 2
140.7 3
140.8 3
140.9 3
141.0 3
141.1 3
141.2 3
141.3 4
141.4 3
141.5 3
141.6 3
141.7 3
141.8 3
141.9 3
142.0 2
142.1 3
142.2 3
142.3 2
142.4 3
142.5 3
142.6 3
142.7 2
142.8 3
142.9 3
143.0 3
143.1 2
143.2 3
143.3 3
143.4 2
143.5 2
143.6 3
143.7 3
143.8 2
143.9 3
144.0 3
144.1 3
144.2 3
144.3 3
144.4 3
144.5 3
144.6 3
144.7 3
144.8 3
144.9 3
145.0 3
145.1 3
145.2 3
145.3 3
145.4 3
145.5 3
145.6 2
145.7 3
145.8 3
145.9 2
146.0 2
146.1 2
146.2 2
146.3 2
146.4 2
146.5 2
146.6 3
146.7 2
146.8 2
146.9 2
147.0 3
147.1 3
147.2 2
147.3 2
147.4 3
147.5 3
147.6 3
147.7 3
147.8 3
147.9 3
148.0 3
148.1 3
148.2 3
148.3 4
148.4 3
148.5 3
148.6 2
148.7 2
148.8 3
148.9 3
149.0 2
149.1 2
149.2 3
149.3 2
149.4 2
149.5 2
149.6 3
149.7 3
149.8 3
149.9 3
150.0 4
150.1 4
150.2 3
150.3 3
150.4 4
150.5 4
150.6 3
150.7 3
150.8 3
150.9 3
151.0 2
151.1 2
151.2 3
151.3 3
151.4 2
151.5 3
151.6 3
151.7 3
151.8 3
151.9 3
152.0 3
152.1 4
152.2 3
152.3 4
152.4 4
152.5 3
152.6 3
152.7 3
152.8 3
152.9 3
153.0 3
153.1 3
153.2 3
153.3 2
153.4 2
153.5 3
153.6 3
153.7 3
153.8 2
153.9 3
154.0 3
154.1 2
154.2 2
154.3 3
154.4 3
154.5 3
154.6 3
154.7 4
154.8 4
154.9 3
155.0 3
155.1 4
155.2 4
155.3 3
155.4 3
155.5 2
155.6 2
155.7 2
155.8 2
155.9 2
156.0 3
156.1 2
156.2 2
156.3 2
156.4 3
156.5 3
156.6 3
156.7 2
156.8 3
156.9 3
157.0 2
157.1 2
157.2 2
157.3 3
157.4 2
157.5 2
157.6 2
157.7 3
157.8 2
157.9 2
158.0 2
158.1 3
158.2 3
158.3 2
158.4 3
158.5 3
158.6 3
158.7 2
158.8 3
158.9 3
159.0 3
159.1 2
159.2 2
159.3 3
159.4 2
159.5 2
159.6 2
159.7 3
159.8 2
159.9 2
160.0 2
160.1 3
160.2 3
160.3 2
160.4 2
160.5 3
160.6 3
160.7 2
160.8 2
160.9 3
161.0 3
161.1 2
161.2 2
161.3 2
161.4 3
161.5 2
161.6 3
161.7 3
161.8 4
161.9 3
162.0 3
162.1 3
162.2 4
162.3 4
162.4 3
162.5 3
162.6 3
162.7 3
162.8 2
162.9 2
163.0 2
163.1 3
163.2 2
163.3 2
163.4 3
163.5 3
163.6 2
163.7 2
163.8 2
163.9 3
164.0 3
164.1 2
164.2 2
164.3 3
164.4 2
164.5 2
164.6 2
164.7 3
164.8 3
164.9 2
165.0 3
165.1 3
165.2 3
165.3 2
165.4 3
165.5 3
165.6 4
165.7 3
165.8 3
165.9 4
166.0 3
166.1 3
166.2 4
166.3 4
166.4 3
166.5 3
166.6 3
166.7 3
166.8 3
166.9 2
167.0 2
167.1 2
167.2 2
167.3 2
167.4 2
167.5 2
167.6 1
167.7 2
167.8 2
167.9 2
168.0 3
168.1 3
168.2 2
168.3 3
168.4 3
168.5 3
168.6 3
168.7 3
168.8 3
168.9 3
169.0 3
169.1 3
169.2 3
169.3 3
169.4 3
169.5 3
169.6 4
169.7 3
169.8 4
169.9 4
170.0 3
170.1 4
170.2 4
170.3 4
170.4 4
170.5 4
170.6 3
170.7 4
170.8 3
170.9 3
171.0 3
171.1 2
171.2 3
171.3 2
171.4 2
171.5 2
171.6 2
171.7 2
171.8 2
171.9 3
172.0 3
172.1 3
172.2 2
172.3 3
172.4 3
172.5 3
172.6 3
172.7 2
172.8 2
172.9 2
173.0 2
173.1 2
173.2 3
173.3 2
173.4 3
173.5 3
173.6 3
173.7 4
173.8 4
173.9 4
174.0 4
174.1 4
174.2 3
174.3 4
174.4 3
174.5 3
174.6 4
174.7 3
174.8 3
174.9 2
175.0 2
175.1 2
175.2 3
175.3 2
175.4 2
175.5 2
175.6 1
175.7 2
175.8 2
175.9 2
176.0 2
176.1 2
176.2 2
176.3 2
176.4 2
176.5 2
176.6 3
176.7 2
176.8 2
176.9 3
177.0 3
177.1 3
177.2 2
177.3 3
177.4 3
177.5 3
177.6 2
177.7 3
177.8 3
177.9 2
178.0 2
178.1 3
178.2 3
178.3 2
178.4 3
178.5 3
178.6 3
178.7 3
178.8 4
178.9 4
179.0 4
179.1 3
179.2 3
179.3 3
179.4 3
179.5 3
179.6 3
179.7 2
179.8 2
179.9 2
180.0 2
180.1 2
180.2 3
180.3 3
180.4 3
180.5 3
180.6 3
180.7 4
180.8 3
180.9 3
181.0 3
181.1 4
181.2 3
181.3 3
181.4 3
181.5 3
181.6 3
181.7 3
181.8 3
181.9 3
182.0 4
182.1 3
182.2 3
182.3 3
182.4 3
182.5 3
182.6 3
182.7 3
182.8 3
182.9 3
183.0 3
183.1 3
183.2 3
183.3 3
183.4 2
183.5 3
183.6 3
183.7 2
183.8 2
183.9 3
184.0 2
184.1 2
184.2 3
184.3 3
184.4 3
184.5 2
184.6 3
184.7 3
184.8 3
184.9 2
185.0 3
185.1 3
185.2 2
185.3 3
185.4 3
185.5 3
185.6 2
185.7 3
185.8 3
185.9 3
186.0 2
186.1 2
186.2 3
186.3 2
186.4 2
186.5 2
186.6 3
186.7 2
186.8 2
186.9 2
187.0 3
187.1 3
187.2 2
187.3 2
187.4 3
187.5 3
187.6 3
187.7 3
187.8 3
187.9 3
188.0 2
188.1 3
188.2 3
188.3 3
188.4 2
188.5 3
188.6 2
188.7 2
188.8 2
188.9 3
189.0 3
189.1 3
189.2 3
189.3 3
189.4 3
189.5 2
189.6 3
189.7 4
189.8 4
189.9 3
190.0 3
190.1 3
190.2 3
190.3 4
190.4 4
190.5 4
190.6 4
190.7 3
190.8 3
190.9 4
191.0 4
191.1 3
191.2 3
191.3 3
191.4 3
191.5 3
191.6 2
191.7 3
191.8 3
191.9 2
192.0 2
192.1 2
192.2 3
192.3 2
192.4 2
192.5 3
192.6 3
192.7 2
192.8 3
192.9 3
193.0 3
193.1 4
193.2 3
193.3 3
193.4 3
193.5 3
193.6 3
193.7 3
193.8 2
193.9 3
194.0 3
194.1 2
194.2 2
194.3 3
194.4 3
194.5 2
194.6 2
194.7 2
194.8 3
194.9 2
195.0 2
195.1 2
195.2 3
195.3 3
195.4 3
195.5 3
195.6 3
195.7 4
195.8 3
195.9 3
196.0 4
196.1 4
196.2 3
196.3 3
196.4 3
196.5 3
196.6 3
196.7 3
196.8 3
196.9 3
197.0 2
197.1 3
197.2 3
197.3 2
197.4 3
197.5 3
197.6 4
197.7 3
197.8 3
197.9 4
198.0 4
198.1 3
198.2 4
198.3 4
198.4 3
198.5 4
198.6 3
198.7 3
198.8 3
198.9 3
199.0 3
199.1 3
199.2 3
199.3 4
199.4 4
199.5 3
199.6 4
199.7 4
199.8 4
199.9 3
200.0 4
200.1 4
200.2 3
200.3 3
200.4 3
200.5 4
200.6 3
200.7 3
200.8 3
200.9 3
201.0 3
201.1 3
201.2 3
201.3 3
201.4 3
201.5 2
201.6 2
201.7 2
201.8 2
201.9 3
202.0 2
202.1 2
202.2 2
202.3 2
202.4 2
202.5 2
202.6 2
202.7 3
202.8 3
202.9 3
203.0 3
203.1 3
203.2 3
203.3 3
203.4 3
203.5 4
203.6 4
203.7 3
203.8 3
203.9 3
204.0 3
204.1 4
204.2 4
204.3 3
204.4 3
204.5 2
204.6 3
204.7 3
204.8 3
204.9 2
205.0 3
205.1 2
205.2 2
205.3 2
205.4 3
205.5 3
205.6 2
205.7 3
205.8 3
205.9 3
206.0 2
206.1 3
206.2 3
206.3 3
206.4 2
206.5 3
206.6 3
206.7 3
206.8 3
206.9 4
207.0 4
207.1 4
207.2 4
207.3 4
207.4 5
207.5 4
207.6 4
207.7 3
207.8 3
207.9 3
208.0 3
208.1 3
208.2 3
208.3 3
208.4 2
208.5 2
208.6 3
208.7 3
208.8 3
208.9 2
209.0 3
209.1 2
209.2 2
209.3 2
209.4 3
209.5 4
209.6 3
209.7 3
209.8 3
209.9 4
210.0 3
210.1 3
210.2 3
210.3 4
210.4 3
210.5 2
210.6 3
210.7 3
210.8 3
210.9 3
211.0 3
211.1 3
211.2 3
211.3 2
211.4 2
211.5 3
211.6 2
211.7 2
211.8 3
211.9 2
212.0 3
212.1 3
212.2 3
212.3 3
212.4 4
212.5 3
212.6 3
212.7 3
212.8 3
212.9 3
213.0 2
213.1 2
213.2 3
213.3 3
213.4 2
213.5 2
213.6 3
213.7 3
213.8 3
213.9 3
214.0 3
214.1 3
214.2 3
214.3 3
214.4 3
214.5 3
214.6 3
214.7 3
214.8 2
214.9 3
215.0 3
215.1 4
215.2 3
215.3 3
215.4 3
215.5 4
215.6 3
215.7 3
215.8 4
215.9 3
216.0 3
216.1 2
216.2 2
216.3 3
216.4 3
216.5 2
216.6 3
216.7 3
216.8 2
216.9 3
217.0 3
217.1 3
217.2 3
217.3 3
217.4 3
217.5 3
217.6 2
217.7 2
217.8 3
217.9 2
218.0 2
218.1 3
218.2 3
218.3 2
218.4 2
218.5 3
218.6 3
218.7 3
218.8 2
218.9 3
219.0 3
219.1 2
219.2 2
219.3 3
219.4 3
219.5 2
219.6 2
219.7 3
219.8 4
219.9 3
220.0 3
220.1 3
220.2 4
220.3 3
220.4 3
220.5 3
220.6 3
220.7 3
220.8 2
220.9 3
221.0 3
221.1 3
221.2 2
221.3 3
221.4 3
221.5 3
221.6 4
221.7 3
221.8 4
221.9 3
222.0 3
222.1 4
222.2 4
222.3 3
222.4 3
222.5 4
222.6 3
222.7 4
222.8 3
222.9 3
223.0 3
223.1 3
223.2 3
223.3 4
223.4 4
223.5 3
223.6 3
223.7 2
223.8 3
223.9 3
224.0 3
224.1 3
224.2 3
224.3 3
224.4 3
224.5 4
224.6 4
224.7 4
224.8 3
224.9 4
225.0 4
225.1 3
225.2 3
225.3 2
225.4 3
225.5 2
225.6 2
225.7 2
225.8 3
225.9 2
226.0 2
226.1 2
226.2 3
226.3 3
226.4 2
226.5 3
226.6 3
226.7 3
226.8 2
226.9 2
227.0 3
227.1 3
227.2 2
227.3 2
227.4 2
227.5 2
227.6 2
227.7 3
227.8 3
227.9 3
228.0 3
228.1 3
228.2 3
228.3 3
228.4 4
228.5 3
228.6 4
228.7 3
228.8 3
228.9 4
229.0 3
229.1 3
229.2 3
229.3 4
229.4 3
229.5 3
229.6 3
229.7 3
229.8 3
229.9 3
230.0 3
230.1 3
230.2 4
230.3 3
230.4 3
230.5 3
230.6 3
230.7 3
230.8 3
230.9 3
231.0 3
231.1 3
231.2 2
231.3 3
231.4 3
231.5 3
231.6 3
231.7 3
231.8 4
231.9 3
232.0 4
232.1 4
232.2 5
232.3 4
232.4 4
232.5 4
232.6 4
232.7 4
232.8 3
232.9 3
233.0 3
233.1 3
233.2 2
233.3 3
233.4 3
233.5 4
233.6 3
233.7 3
233.8 4
233.9 4
234.0 3
234.1 4
234.2 4
234.3 3
234.4 3
234.5 3
234.6 3
234.7 3
234.8 2
234.9 2
235.0 3
235.1 2
235.2 2
235.3 2
235.4 3
235.5 2
235.6 2
235.7 2
235.8 3
235.9 3
236.0 2
236.1 3
236.2 3
236.3 3
236.4 3
236.5 3
236.6 3
236.7 3
236.8 3
236.9 3
237.0 4
237.1 3
237.2 3
237.3 3
237.4 2
237.5 3
237.6 3
237.7 3
237.8 2
237.9 2
238.0 1
238.1 2
238.2 2
238.3 2
238.4 2
238.5 2
238.6 2
238.7 2
238.8 3
238.9 3
239.0 3
239.1 2
239.2 3
239.3 3
239.4 3
239.5 2
239.6 3
239.7 3
239.8 2
239.9 3
240.0 3
240.1 3
240.2 3
240.3 3
240.4 3
240.5 3
240.6 2
240.7 3
240.8 3
240.9 2
241.0 2
241.1 3
241.2 2
241.3 2
241.4 2
241.5 2
241.6 3
241.7 2
241.8 2
241.9 3
242.0 3
242.1 2
242.2 3
242.3 3
242.4 3
242.5 4
242.6 3
242.7 3
242.8 3
242.9 3
243.0 3
243.1 3
243.2 2
243.3 2
243.4 2
243.5 2
243.6 2
243.7 2
243.8 3
243.9 2
244.0 2
244.1 2
244.2 3
244.3 3
244.4 3
244.5 2
244.6 3
244.7 3
244.8 3
244.9 3
245.0 3
245.1 4
245.2 3
245.3 3
245.4 3
245.5 3
245.6 3
245.7 3
245.8 2
245.9 2
246.0 2
246.1 1
246.2 2
246.3 2
246.4 2
246.5 3
246.6 2
246.7 2
246.8 2
246.9 2
247.0 3
247.1 3
247.2 2
247.3 3
247.4 3
247.5 2
247.6 2
247.7 3
247.8 3
247.9 3
248.0 2
248.1 3
248.2 3
248.3 2
248.4 2
248.5 3
248.6 3
248.7 2
248.8 2
248.9 2
249.0 3
249.1 2
249.2 3
249.3 3
249.4 3
249.5 2
249.6 3
249.7 3
249.8 3
249.9 4
250.0 3
250.1 3
250.2 3
250.3 3
250.4 3
250.5 4
250.6 3
250.7 3
250.8 3
250.9 3
251.0 3
251.1 3
251.2 2
251.3 3
251.4 3
251.5 2
251.6 2
251.7 3
251.8 3
251.9 3
252.0 3
252.1 3
252.2 4
252.3 3
252.4 4
252.5 4
252.6 4
252.7 4
252.8 4
252.9 3
253.0 3
253.1 4
253.2 3
253.3 3
253.4 3
253.5 3
253.6 3
253.7 2
253.8 3
253.9 3
254.0 4
254.1 3
254.2 3
254.3 3
254.4 3
254.5 3
254.6 3
254.7 4
254.8 3
254.9 3
255.0 2
255.1 3
255.2 3
255.3 3
255.4 3
255.5 3
255.6 3
255.7 2
255.8 3
255.9 3
256.0 4
256.1 3
256.2 3
256.3 4
256.4 3
256.5 3
256.6 4
256.7 4
256.8 3
256.9 4
257.0 3
257.1 3
257.2 3
257.3 2
257.4 3
257.5 3
257.6 2
257.7 2
257.8 3
257.9 2
258.0 2
258.1 2
258.2 2
258.3 3
258.4 2
258.5 2
258.6 2
258.7 3
258.8 2
258.9 3
259.0 3
259.1 3
259.2 3
259.3 3
259.4 3
259.5 3
259.6 4
259.7 3
259.8 3
259.9 2
260.0 2
260.1 3
260.2 3
260.3 2
260.4 3
260.5 3
260.6 3
260.7 3
260.8 3
260.9 4
261.0 4
261.1 4
261.2 4
261.3 4
261.4 3
261.5 4
261.6 3
261.7 3
261.8 3
261.9 3
262.0 3
262.1 3
262.2 3
262.3 3
262.4 3
262.5 2
262.6 3
262.7 3
262.8 3
262.9 2
263.0 3
263.1 2
263.2 2
263.3 3
263.4 3
263.5 3
263.6 3
263.7 3
263.8 3
263.9 4
264.0 3
264.1 3
264.2 3
264.3 3
264.4 3
264.5 3
264.6 2
264.7 3
264.8 3
264.9 2
265.0 2
265.1 3
265.2 3
265.3 3
265.4 3
265.5 3
265.6 4
265.7 3
265.8 3
265.9 3
266.0 4
266.1 3
266.2 3
266.3 2
266.4 3
266.5 3
266.6 3
266.7 3
266.8 3
266.9 3
267.0 2
267.1 3
267.2 3
267.3 3
267.4 2
267.5 2
267.6 2
267.7 2
267.8 2
267.9 2
268.0 3
268.1 2
268.2 3
268.3 3
268.4 3
268.5 4
268.6 3
268.7 3
268.8 3
268.9 4
269.0 3
269.1 3
269.2 2
269.3 3
269.4 3
269.5 2
269.6 2
269.7 3
269.8 3
269.9 2
270.0 3
270.1 3
270.2 3
270.3 2
270.4 3
270.5 3
270.6 3
270.7 3
270.8 3
270.9 3
271.0 3
271.1 3
271.2 4
271.3 4
271.4 3
271.5 3
271.6 3
271.7 3
271.8 3
271.9 4
272.0 3
272.1 4
272.2 3
272.3 3
272.4 3
272.5 4
272.6 4
272.7 3
272.8 3
272.9 3
273.0 3
273.1 2
273.2 2
273.3 3
273.4 3
273.5 2
273.6 2
273.7 3
273.8 3
273.9 2
274.0 2
274.1 3
274.2 3
274.3 3
274.4 3
274.5 3
274.6 3
274.7 3
274.8 3
274.9 3
275.0 3
275.1 2
275.2 3
275.3 2
275.4 2
275.5 2
275.6 3
275.7 2
275.8 2
275.9 3
276.0 3
276.1 4
276.2 3
276.3 3
276.4 4
276.5 4
276.6 3
276.7 3
276.8 4
276.9 3
277.0 3
277.1 3
277.2 3
277.3 3
277.4 2
277.5 3
277.6 3
277.7 3
277.8 2
277.9 3
278.0 3
278.1 2
278.2 3
278.3 3
278.4 3
278.5 2
278.6 2
278.7 3
278.8 3
278.9 2
279.0 3
279.1 3
279.2 2
279.3 3
279.4 3
279.5 3
279.6 3
279.7 2
279.8 3
279.9 3
280.0 2
280.1 2
280.2 3
280.3 2
280.4 2
280.5 2
280.6 2
280.7 3
280.8 2
280.9 2
281.0 3
281.1 3
281.2 2
281.3 2
281.4 3
281.5 3
281.6 3
281.7 3
281.8 3
281.9 3
282.0 2
282.1 3
282.2 3
282.3 3
282.4 2
282.5 3
282.6 3
282.7 2
282.8 2
282.9 3
283.0 3
283.1 2
283.2 2
283.3 2
283.4 2
283.5 2
283.6 2
283.7 3
283.8 3
283.9 3
284.0 3
284.1 3
284.2 4
284.3 5
284.4 5
284.5 4
284.6 4
284.7 3
284.8 4
284.9 3
285.0 3
285.1 4
285.2 3
285.3 2
285.4 2
285.5 3
285.6 3
285.7 3
285.8 3
285.9 3
286.0 3
286.1 3
286.2 3
286.3 3
286.4 4
286.5 3
286.6 3
286.7 3
286.8 3
286.9 3
287.0 3
287.1 2
287.2 3
287.3 3
287.4 2
287.5 2
287.6 3
287.7 3
287.8 2
287.9 3
288.0 3
288.1 3
288.2 2
288.3 3
288.4 3
288.5 3
288.6 2
288.7 3
288.8 3
288.9 3
289.0 3
289.1 3
289.2 3
289.3 3
289.4 3
289.5 3
289.6 4
289.7 3
289.8 3
289.9 3
290.0 3
290.1 3
290.2 3
290.3 3
290.4 3
290.5 4
290.6 3
290.7 3
290.8 4
290.9 3
291.0 3
291.1 3
291.2 3
291.3 3
291.4 3
291.5 2
291.6 2
291.7 3
291.8 2
291.9 2
292.0 2
292.1 2
292.2 3
292.3 2
292.4 2
292.5 2
292.6 2
292.7 2
292.8 2
292.9 2
293.0 3
293.1 3
293.2 3
293.3 3
293.4 4
293.5 4
293.6 4
293.7 4
293.8 4
293.9 4
294.0 3
294.1 4
294.2 3
294.3 3
294.4 2
294.5 2
294.6 3
294.7 2
294.8 2
294.9 2
295.0 3
295.1 2
295.2 2
295.3 3
295.4 3
295.5 3
295.6 2
295.7 3
295.8 3
295.9 3
296.0 2
296.1 3
296.2 3
296.3 3
296.4 3
296.5 3
296.6 3
296.7 2
296.8 3
296.9 3
297.0 3
297.1 3
297.2 3
297.3 3
297.4 3
297.5 3
297.6 3
297.7 4
297.8 3
297.9 3
298.0 4
298.1 3
298.2 3
298.3 3
298.4 3
298.5 3
298.6 3
298.7 2
298.8 3
298.9 3
299.0 2
299.1 2
299.2 3
299.3 2
299.4 2
299.5 3
299.6 3
299.7 4
299.8 3
299.9 3
300.0 4
300.1 4
300.2 3
300.3 3
300.4 4
300.5 3
300.6 3
300.7 3
300.8 3
300.9 3
301.0 2
301.1 2
301.2 3
301.3 3
301.4 3
301.5 3
301.6 3
301.7 3
301.8 3
301.9 3
302.0 3
302.1 4
302.2 3
302.3 3
302.4 2
302.5 3
302.6 3
302.7 2
302.8 3
302.9 3
303.0 4
303.1 3
303.2 3
303.3 3
303.4 4
303.5 3
303.6 3
303.7 3
303.8 3
303.9 3
304.0 2
304.1 2
304.2 3
304.3 3
304.4 2
304.5 2
304.6 3
304.7 3
304.8 2
304.9 2
305.0 2
305.1 3
305.2 2
305.3 2
305.4 3
305.5 3
305.6 2
305.7 3
305.8 3
305.9 3
306.0 3
306.1 2
306.2 3
306.3 3
306.4 2
306.5 3
306.6 4
306.7 3
306.8 3
306.9 4
307.0 4
307.1 5
307.2 4
307.3 4
307.4 5
307.5 4
307.6 3
307.7 3
307.8 4
307.9 3
308.0 3
308.1 3
308.2 3
308.3 3
308.4 3
308.5 3
308.6 3
308.7 3
308.8 2
308.9 3
309.0 3
309.1 2
309.2 2
309.3 3
309.4 2
309.5 2
309.6 2
309.7 3
309.8 3
309.9 2
310.0 3
310.1 3
310.2 3
310.3 3
310.4 3
310.5 4
310.6 4
310.7 3
310.8 3
310.9 4
311.0 3
311.1 4
311.2 4
311.3 3
311.4 4
311.5 3
311.6 3
311.7 3
311.8 3
311.9 2
312.0 3
312.1 2
312.2 3
312.3 3
312.4 3
312.5 3
312.6 3
312.7 3
312.8 3
312.9 4
313.0 3
313.1 3
313.2 2
313.3 3
313.4 2
313.5 2
313.6 2
313.7 3
313.8 3
313.9 2
314.0 2
314.1 3
314.2 3
314.3 3
314.4 3
314.5 3
314.6 3
314.7 3
314.8 3
314.9 3
315.0 4
315.1 3
315.2 3
315.3 3
315.4 3
315.5 4
315.6 5
315.7 4
315.8 4
315.9 4
316.0 4
316.1 4
316.2 4
316.3 3
316.4 3
316.5 3
316.6 2
316.7 2
316.8 3
316.9 3
317.0 2
317.1 2
317.2 3
317.3 3
317.4 3
317.5 2
317.6 4
317.7 4
317.8 3
317.9 4
318.0 4
318.1 4
318.2 4
318.3 4
318.4 4
318.5 4
318.6 3
318.7 3
318.8 3
318.9 2
319.0 3
319.1 3
319.2 3
319.3 3
319.4 3
319.5 4
319.6 3
319.7 4
319.8 4
319.9 4
320.0 3
320.1 4
320.2 3
320.3 4
320.4 4
320.5 4
320.6 4
320.7 3
320.8 3
320.9 4
321.0 4
321.1 3
321.2 3
321.3 2
321.4 3
321.5 2
321.6 3
321.7 3
321.8 3
321.9 2
322.0 3
322.1 3
322.2 3
322.3 4
322.4 3
322.5 3
322.6 3
322.7 3
322.8 3
322.9 4
323.0 3
323.1 3
323.2 3
323.3 3
323.4 3
323.5 3
323.6 2
323.7 3
323.8 3
323.9 3
324.0 3
324.1 3
324.2 3
324.3 3
324.4 3
324.5 4
324.6 4
324.7 3
324.8 3
324.9 2
325.0 3
325.1 3
325.2 3
325.3 3
325.4 3
325.5 2
325.6 2
325.7 3
325.8 3
325.9 4
326.0 3
326.1 3
326.2 4
326.3 3
326.4 4
326.5 4
326.6 4
326.7 3
326.8 4
326.9 3
327.0 3
327.1 3
327.2 3
327.3 3
327.4 3
327.5 3
327.6 3
327.7 3
327.8 2
327.9 3
328.0 3
328.1 4
328.2 3
328.3 3
328.4 2
328.5 2
328.6 3
328.7 3
328.8 3
328.9 3
329.0 3
329.1 2
329.2 2
329.3 3
329.4 3
329.5 4
329.6 3
329.7 3
329.8 3
329.9 2
330.0 3
330.1 3
330.2 3
330.3 3
330.4 3
330.5 2
330.6 2
330.7 3
330.8 3
330.9 4
331.0 3
331.1 3
331.2 3
331.3 3
331.4 3
331.5 3
331.6 4
331.7 3
331.8 3
331.9 2
332.0 3
332.1 3
332.2 4
332.3 3
332.4 4
332.5 4
332.6 3
332.7 4
332.8 4
332.9 4
333.0 3
333.1 4
333.2 3
333.3 3
333.4 2
333.5 2
333.6 3
333.7 2
333.8 2
333.9 2
334.0 3
334.1 2
334.2 2
334.3 3
334.4 3
334.5 3
334.6 2
334.7 2
334.8 3
334.9 3
335.0 3
335.1 4
335.2 4
335.3 3
335.4 3
335.5 4
335.6 4
335.7 4
335.8 3
335.9 4
336.0 3
336.1 3
336.2 3
336.3 3
336.4 3
336.5 3
336.6 3
336.7 3
336.8 3
336.9 2
337.0 3
337.1 2
337.2 2
337.3 2
337.4 3
337.5 2
337.6 2
337.7 2
337.8 2
337.9 3
338.0 2
338.1 3
338.2 3
338.3 3
338.4 2
338.5 2
338.6 2
338.7 3
338.8 3
338.9 3
339.0 3
339.1 2
339.2 2
339.3 2
339.4 3
339.5 3
339.6 3
339.7 2
339.8 2
339.9 2
340.0 2
340.1 2
340.2 2
340.3 3
340.4 2
340.5 2
340.6 2
340.7 2
340.8 3
340.9 2
341.0 2
341.1 3
341.2 3
341.3 2
341.4 3
341.5 3
341.6 3
341.7 3
341.8 3
341.9 3
342.0 3
342.1 3
342.2 3
342.3 3
342.4 2
342.5 3
342.6 3
342.7 4
342.8 3
342.9 3
343.0 3
343.1 3
343.2 3
343.3 3
343.4 4
343.5 3
343.6 3
343.7 2
343.8 2
343.9 3
344.0 3
344.1 3
344.2 3
344.3 4
344.4 3
344.5 3
344.6 3
344.7 4
344.8 4
344.9 3
345.0 3
345.1 2
345.2 3
345.3 2
345.4 2
345.5 3
345.6 3
345.7 2
345.8 2
345.9 2
346.0 3
346.1 3
346.2 2
346.3 3
346.4 3
346.5 3
346.6 3
346.7 3
346.8 4
346.9 4
347.0 3
347.1 3
347.2 4
347.3 3
347.4 4
347.5 3
347.6 3
347.7 4
347.8 3
347.9 3
348.0 3
348.1 3
348.2 3
348.3 3
348.4 2
348.5 3
348.6 3
348.7 3
348.8 3
348.9 3
349.0 3
349.1 3
349.2 3
349.3 3
349.4 3
349.5 3
349.6 3
349.7 2
349.8 3
349.9 3
350.0 4
350.1 4
350.2 3
350.3 3
350.4 3
350.5 3
350.6 3
350.7 3
350.8 3
350.9 3
351.0 2
351.1 2
351.2 2
351.3 3
351.4 3
351.5 2
351.6 3
351.7 3
351.8 2
351.9 2
352.0 3
352.1 3
352.2 3
352.3 3
352.4 3
352.5 4
352.6 3
352.7 3
352.8 3
352.9 3
353.0 3
353.1 3
353.2 3
353.3 2
353.4 3
353.5 2
353.6 2
353.7 3
353.8 3
353.9 3
354.0 2
354.1 3
354.2 3
354.3 4
354.4 3
354.5 3
354.6 4
354.7 3
354.8 3
354.9 4
355.0 4
355.1 3
355.2 4
355.3 3
355.4 3
355.5 3
355.6 2
355.7 3
355.8 3
355.9 2
356.0 3
356.1 3
356.2 2
356.3 3
356.4 3
356.5 3
356.6 3
356.7 3
356.8 3
356.9 3
357.0 2
357.1 3
357.2 3
357.3 2
357.4 3
357.5 3
357.6 3
357.7 3
357.8 3
357.9 3
358.0 4
358.1 4
358.2 4
358.3 4
358.4 4
358.5 4
358.6 4
358.7 4
358.8 4
358.9 4
359.0 4
359.1 3
359.2 3
359.3 4
359.4 3
359.5 3
359.6 3
359.7 2
359.8 3
359.9 3
360.0 2
360.1 2
360.2 3
360.3 2
360.4 2
360.5 2
360.6 2
360.7 3
360.8 2
360.9 2
361.0 2
361.1 3
361.2 2
361.3 2
361.4 2
361.5 2
361.6 2
361.7 2
361.8 2
361.9 3
362.0 3
362.1 2
362.2 2
362.3 2
362.4 3
362.5 3
362.6 3
362.7 2
362.8 3
362.9 2
363.0 2
363.1 2
363.2 2
363.3 3
363.4 2
363.5 2
363.6 3
363.7 3
363.8 2
363.9 2
364.0 3
364.1 4
364.2 4
364.3 3
364.4 3
364.5 4
364.6 3
364.7 3
364.8 4
364.9 4
365.0 3
365.1 3
365.2 3
365.3 3
365.4 3
365.5 2
365.6 2
365.7 3
365.8 2
365.9 2
366.0 3
366.1 2
366.2 2
366.3 3
366.4 3
366.5 3
366.6 4
366.7 3
366.8 3
366.9 3
367.0 3
367.1 3
367.2 3
367.3 2
367.4 3
367.5 3
367.6 2
367.7 2
367.8 2
367.9 3
368.0 2
368.1 2
368.2 2
368.3 3
368.4 2
368.5 2
368.6 3
368.7 3
368.8 3
368.9 2
369.0 3
369.1 3
369.2 3
369.3 2
369.4 3
369.5 3
369.6 2
369.7 3
369.8 3
369.9 3
370.0 3
370.1 3
370.2 3
370.3 3
370.4 3
370.5 3
370.6 3
370.7 2
370.8 2
370.9 3
371.0 2
371.1 2
371.2 2
371.3 3
371.4 2
371.5 2
371.6 3
371.7 3
371.8 3
371.9 2
372.0 3
372.1 3
372.2 4
372.3 3
372.4 3
372.5 3
372.6 2
372.7 3
372.8 3
372.9 3
373.0 3
373.1 3
373.2 2
373.3 2
373.4 2
373.5 3
373.6 3
373.7 2
373.8 2
373.9 3
374.0 2
374.1 2
374.2 3
374.3 3
374.4 3
374.5 2
374.6 3
374.7 3
374.8 3
374.9 2
375.0 2
375.1 3
375.2 2
375.3 2
375.4 3
375.5 3
375.6 2
375.7 2
375.8 3
375.9 3
376.0 3
376.1 2
376.2 2
376.3 3
376.4 2
376.5 2
376.6 2
376.7 3
376.8 2
376.9 2
377.0 3
377.1 3
377.2 3
377.3 3
377.4 3
377.5 3
377.6 4
377.7 3
377.8 3
377.9 3
378.0 3
378.1 3
378.2 3
378.3 2
378.4 3
378.5 3
378.6 2
378.7 3
378.8 3
378.9 3
379.0 3
379.1 3
379.2 3
379.3 3
379.4 3
379.5 3
379.6 3
379.7 3
379.8 3
379.9 3
380.0 2
380.1 2
380.2 3
380.3 3
380.4 2
380.5 3
380.6 3
380.7 2
380.8 2
380.9 3
381.0 3
381.1 3
381.2 2
381.3 3
381.4 3
381.5 2
381.6 3
381.7 3
381.8 3
381.9 3
382.0 3
382.1 3
382.2 3
382.3 2
382.4 3
382.5 3
382.6 3
382.7 3
382.8 3
382.9 3
383.0 3
383.1 3
383.2 4
383.3 4
383.4 3
383.5 4
383.6 3
383.7 4
383.8 4
383.9 3
384.0 4
384.1 4
384.2 3
384.3 3
384.4 4
384.5 3
384.6 3
384.7 3
384.8 3
384.9 4
385.0 3
385.1 3
385.2 4
385.3 4
385.4 4
385.5 4
385.6 4
385.7 4
385.8 4
385.9 4
386.0 4
386.1 4
386.2 3
386.3 4
386.4 3
386.5 4
386.6 4
386.7 3
386.8 3
386.9 3
387.0 3
387.1 3
387.2 4
387.3 3
387.4 4
387.5 3
387.6 3
387.7 4
387.8 4
387.9 3
388.0 4
388.1 4
388.2 4
388.3 4
388.4 3
388.5 3
388.6 3
388.7 3
388.8 3
388.9 3
389.0 2
389.1 3
389.2 2
389.3 2
389.4 3
389.5 3
389.6 3
389.7 3
389.8 3
389.9 3
390.0 4
390.1 3
390.2 3
390.3 4
390.4 3
390.5 3
390.6 4
390.7 3
390.8 3
390.9 4
391.0 3
391.1 3
391.2 3
391.3 2
391.4 3
391.5 3
391.6 2
391.7 2
391.8 3
391.9 2
392.0 2
392.1 2
392.2 3
392.3 3
392.4 2
392.5 2
392.6 3
392.7 3
392.8 2
392.9 2
393.0 3
393.1 3
393.2 2
393.3 3
393.4 3
393.5 3
393.6 3
393.7 3
393.8 4
393.9 4
394.0 4
394.1 4
394.2 4
394.3 4
394.4 4
394.5 4
394.6 4
394.7 4
394.8 3
394.9 3
395.0 3
395.1 3
395.2 3
395.3 3
395.4 3
395.5 3
395.6 3
395.7 3
395.8 3
395.9 4
396.0 3
396.1 3
396.2 3
396.3 3
396.4 3
396.5 3
396.6 2
396.7 3
396.8 3
396.9 2
397.0 2
397.1 3
397.2 4
397.3 3
397.4 3
397.5 3
397.6 4
397.7 3
397.8 3
397.9 4
398.0 4
398.1 3
398.2 2
398.3 3
398.4 3
398.5 4
398.6 3
398.7 4
398.8 4
398.9 3
399.0 3
399.1 4
399.2 4
399.3 3
399.4 3
399.5 2
399.6 2
399.7 2
399.8 2
399.9 3
400.0 3
400.1 2
400.2 2
400.3 2
400.4 3
400.5 3
400.6 3
400.7 3
400.8 3
400.9 2
401.0 2
401.1 2
401.2 3
401.3 3
401.4 2
401.5 2
401.6 3
401.7 2
401.8 2
401.9 2
402.0 2
402.1 3
402.2 2
402.3 3
402.4 3
402.5 3
402.6 2
402.7 3
402.8 4
402.9 4
403.0 4
403.1 4
403.2 4
403.3 3
403.4 3
403.5 3
403.6 4
403.7 3
403.8 3
403.9 3
404.0 3
404.1 2
404.2 3
404.3 3
404.4 3
404.5 3
404.6 3
404.7 4
404.8 3
404.9 3
405.0 4
405.1 4
405.2 4
405.3 4
405.4 4
405.5 4
405.6 3
405.7 3
405.8 3
405.9 3
406.0 3
406.1 3
406.2 3
406.3 3
406.4 3
406.5 3
406.6 4
406.7 3
406.8 3
406.9 3
407.0 3
407.1 3
407.2 2
407.3 3
407.4 3
407.5 4
407.6 3
407.7 3
407.8 3
407.9 4
408.0 3
408.1 3
408.2 4
408.3 3
408.4 3
408.5 3
408.6 3
408.7 3
408.8 3
408.9 3
409.0 3
409.1 3
409.2 2
409.3 2
409.4 3
409.5 2
409.6 2
409.7 2
409.8 3
409.9 2
410.0 2
410.1 2
410.2 3
410.3 3
410.4 2
410.5 2
410.6 3
410.7 3
410.8 2
410.9 3
411.0 3
411.1 3
411.2 2
411.3 2
411.4 2
411.5 3
411.6 2
411.7 2
411.8 3
411.9 2
412.0 2
412.1 3
412.2 3
412.3 3
412.4 3
412.5 3
412.6 3
412.7 3
412.8 2
412.9 3
413.0 3
413.1 2
413.2 2
413.3 3
413.4 3
413.5 2
413.6 3
413.7 3
413.8 3
413.9 2
414.0 3
414.1 3
414.2 3
414.3 2
414.4 3
414.5 3
414.6 2
414.7 2
414.8 3
414.9 3
415.0 2
415.1 3
415.2 3
415.3 4
415.4 4
415.5 4
415.6 4
415.7 5
415.8 4
415.9 4
416.0 4
416.1 3
416.2 4
416.3 3
416.4 2
416.5 3
416.6 3
416.7 2
416.8 3
416.9 3
417.0 4
417.1 4
417.2 3
417.3 3
417.4 4
417.5 3
417.6 3
417.7 3
417.8 3
417.9 3
418.0 2
418.1 2
418.2 2
418.3 3
418.4 2
418.5 2
418.6 2
418.7 2
418.8 2
418.9 2
419.0 2
419.1 3
419.2 3
419.3 2
419.4 3
419.5 3
419.6 3
419.7 4
419.8 3
419.9 3
420.0 3
420.1 3
420.2 3
420.3 3
420.4 3
420.5 3
420.6 4
420.7 3
420.8 3
420.9 3
421.0 4
421.1 3
421.2 3
421.3 4
421.4 3
421.5 3
421.6 2
421.7 3
421.8 3
421.9 3
422.0 3
422.1 3
422.2 3
422.3 3
422.4 3
422.5 3
422.6 3
422.7 2
422.8 3
422.9 4
423.0 3
423.1 3
423.2 4
423.3 3
423.4 3
423.5 3
423.6 3
423.7 4
423.8 3
423.9 3
424.0 3
424.1 3
424.2 2
424.3 2
424.4 3
424.5 3
424.6 3
424.7 2
424.8 3
424.9 2
425.0 2
425.1 3
425.2 3
425.3 3
425.4 2
425.5 2
425.6 2
425.7 3
425.8 2
425.9 2
426.0 2
426.1 1
426.2 2
426.3 2
426.4 2
426.5 3
426.6 3
426.7 2
426.8 3
426.9 3
427.0 3
427.1 3
427.2 3
427.3 3
427.4 3
427.5 2
427.6 2
427.7 2
427.8 2
427.9 2
428.0 2
428.1 2
428.2 1
428.3 1
428.4 2
428.5 2
428.6 2
428.7 2
428.8 1
428.9 2
429.0 2
429.1 3
429.2 3
429.3 3
429.4 3
429.5 3
429.6 3
429.7 3
429.8 3
429.9 3
430.0 3
430.1 2
430.2 3
430.3 3
430.4 2
430.5 3
430.6 3
430.7 3
430.8 3
430.9 2
431.0 2
431.1 2
431.2 2
431.3 2
431.4 2
431.5 2
431.6 2
431.7 2
431.8 3
431.9 3
432.0 3
432.1 4
432.2 3
432.3 3
432.4 3
432.5 2
432.6 3
432.7 3
432.8 2
432.9 2
433.0 3
433.1 2
433.2 2
433.3 2
433.4 3
433.5 3
433.6 2
433.7 3
433.8 3
433.9 3
434.0 3
434.1 3
434.2 3
434.3 4
434.4 3
434.5 3
434.6 3
434.7 3
434.8 3
434.9 3
435.0 3
435.1 3
435.2 4
435.3 3
435.4 3
435.5 4
435.6 4
435.7 3
435.8 3
435.9 4
436.0 3
436.1 3
436.2 3
436.3 3
436.4 3
436.5 2
436.6 2
436.7 3
436.8 3
436.9 2
437.0 2
437.1 3
437.2 2
437.3 2
437.4 2
437.5 3
437.6 3
437.7 2
437.8 2
437.9 3
438.0 3
438.1 2
438.2 2
438.3 3
438.4 3
438.5 2
438.6 3
438.7 3
438.8 3
438.9 2
439.0 3
439.1 3
439.2 3
439.3 2
439.4 2
439.5 2
439.6 2
439.7 2
439.8 2
439.9 2
440.0 2
440.1 2
440.2 2
440.3 2
440.4 3
440.5 3
440.6 2
440.7 2
440.8 3
440.9 3
441.0 2
441.1 2
441.2 3
441.3 3
441.4 2
441.5 2
441.6 3
441.7 3
441.8 2
441.9 2
442.0 2
442.1 3
442.2 2
442.3 2
442.4 3
442.5 3
442.6 2
442.7 3
442.8 3
442.9 3
443.0 3
443.1 3
443.2 3
443.3 3
443.4 3
443.5 3
443.6 3
443.7 3
443.8 3
443.9 3
444.0 3
444.1 3
444.2 3
444.3 3
444.4 2
444.5 2
444.6 3
444.7 3
444.8 3
444.9 3
445.0 4
445.1 3
445.2 3
445.3 4
445.4 4
445.5 5
445.6 4
445.7 3
445.8 3
445.9 4
446.0 3
446.1 3
446.2 3
446.3 3
446.4 3
446.5 3
446.6 3
446.7 3
446.8 3
446.9 3
447.0 3
447.1 3
447.2 4
447.3 3
447.4 4
447.5 4
447.6 4
447.7 4
447.8 5
447.9 4
448.0 4
448.1 4
448.2 4
448.3 4
448.4 3
448.5 2
448.6 2
448.7 3
448.8 2
448.9 2
449.0 3
449.1 3
449.2 2
449.3 2
449.4 2
449.5 3
449.6 3
449.7 3
449.8 3
449.9 3
450.0 3
450.1 3
450.2 3
450.3 3
450.4 4
450.5 3
450.6 4
450.7 3
450.8 3
450.9 3
451.0 3
451.1 3
451.2 3
451.3 4
451.4 3
451.5 3
451.6 2
451.7 2
451.8 3
451.9 3
452.0 2
452.1 3
452.2 3
452.3 3
452.4 4
452.5 4
452.6 4
452.7 5
452.8 4
452.9 5
453.0 5
453.1 4
453.2 5
453.3 4
453.4 3
453.5 3
453.6 4
453.7 3
453.8 3
453.9 2
454.0 3
454.1 3
454.2 2
454.3 2
454.4 3
454.5 3
454.6 2
454.7 2
454.8 3
454.9 3
455.0 2
455.1 2
455.2 2
455.3 3
455.4 2
455.5 2
455.6 2
455.7 3
455.8 2
455.9 2
456.0 2
456.1 3
456.2 3
456.3 2
456.4 2
456.5 3
456.6 3
456.7 2
456.8 2
456.9 3
457.0 3
457.1 2
457.2 2
457.3 3
457.4 3
457.5 3
457.6 3
457.7 3
457.8 3
457.9 2
458.0 3
458.1 3
458.2 3
458.3 3
458.4 3
458.5 2
458.6 2
458.7 3
458.8 3
458.9 3
459.0 2
459.1 2
459.2 2
459.3 2
459.4 2
459.5 2
459.6 2
459.7 2
459.8 2
459.9 2
460.0 2
460.1 2
460.2 3
460.3 2
460.4 2
460.5 2
460.6 3
460.7 2
460.8 2
460.9 3
461.0 3
461.1 3
461.2 3
461.3 3
461.4 3
461.5 3
461.6 2
461.7 3
461.8 3
461.9 2
462.0 2
462.1 3
462.2 2
462.3 3
462.4 3
462.5 3
462.6 3
462.7 3
462.8 3
462.9 4
463.0 4
463.1 3
463.2 3
463.3 2
463.4 3
463.5 3
463.6 3
463.7 3
463.8 3
463.9 2
464.0 2
464.1 3
464.2 3
464.3 3
464.4 2
464.5 3
464.6 3
464.7 2
464.8 3
464.9 3
465.0 3
465.1 3
465.2 3
465.3 3
465.4 4
465.5 3
465.6 3
465.7 4
465.8 3
465.9 3
466.0 4
466.1 3
466.2 3
466.3 3
466.4 3
466.5 3
466.6 3
466.7 3
466.8 3
466.9 3
467.0 2
467.1 3
467.2 3
467.3 3
467.4 2
467.5 2
467.6 3
467.7 2
467.8 2
467.9 2
468.0 3
468.1 2
468.2 2
468.3 2
468.4 3
468.5 3
468.6 2
468.7 3
468.8 3
468.9 3
469.0 3
469.1 3
469.2 3
469.3 4
469.4 3
469.5 3
469.6 3
469.7 3
469.8 3
469.9 3
470.0 3
470.1 3
470.2 3
470.3 2
470.4 3
470.5 3
470.6 3
470.7 2
470.8 3
470.9 3
471.0 2
471.1 2
471.2 2
471.3 3
471.4 2
471.5 2
471.6 2
471.7 2
471.8 2
471.9 2
472.0 2
472.1 2
472.2 2
472.3 1
472.4 2
472.5 2
472.6 2
472.7 2
472.8 2
472.9 2
473.0 2
473.1 2
473.2 3
473.3 3
473.4 2
473.5 2
473.6 3
473.7 3
473.8 2
473.9 2
474.0 3
474.1 3
474.2 2
474.3 3
474.4 3
474.5 3
474.6 2
474.7 3
474.8 3
474.9 3
475.0 2
475.1 2
475.2 3
475.3 2
475.4 2
475.5 3
475.6 3
475.7 3
475.8 3
475.9 3
476.0 4
476.1 4
476.2 3
476.3 3
476.4 4
476.5 3
476.6 3
476.7 2
476.8 2
476.9 3
477.0 2
477.1 2
477.2 3
477.3 3
477.4 2
477.5 2
477.6 3
477.7 3
477.8 3
477.9 2
478.0 3
478.1 3
478.2 2
478.3 2
478.4 3
478.5 3
478.6 2
478.7 2
478.8 3
478.9 3
479.0 2
479.1 3
479.2 3
479.3 3
479.4 2
479.5 3
479.6 3
479.7 3
479.8 3
479.9 3
480.0 3
480.1 2
480.2 2
480.3 3
480.4 3
480.5 2
480.6 3
480.7 3
480.8 2
480.9 2
481.0 3
481.1 3
481.2 3
481.3 2
481.4 3
481.5 3
481.6 2
481.7 2
481.8 3
481.9 3
482.0 2
482.1 3
482.2 3
482.3 3
482.4 3
482.5 3
482.6 3
482.7 3
482.8 3
482.9 3
483.0 3
483.1 3
483.2 3
483.3 3
483.4 2
483.5 3
483.6 3
483.7 3
483.8 2
483.9 3
484.0 3
484.1 2
484.2 2
484.3 2
484.4 3
484.5 2
484.6 2
484.7 3
484.8 3
484.9 2
485.0 3
485.1 3
485.2 3
485.3 3
485.4 3
485.5 3
485.6 4
485.7 3
485.8 4
485.9 4
486.0 3
486.1 3
486.2 3
486.3 4
486.4 3
486.5 3
486.6 2
486.7 3
486.8 2
486.9 2
487.0 2
487.1 3
487.2 3
487.3 2
487.4 2
487.5 3
487.6 3
487.7 2
487.8 3
487.9 3
488.0 3
488.1 3
488.2 4
488.3 4
488.4 4
488.5 3
488.6 4
488.7 4
488.8 3
488.9 3
489.0 4
489.1 3
489.2 2
489.3 2
489.4 3
489.5 3
489.6 2
489.7 2
489.8 3
489.9 3
490.0 2
490.1 2
490.2 3
490.3 3
490.4 3
490.5 3
490.6 3
490.7 3
490.8 3
490.9 3
491.0 3
491.1 4
491.2 3
491.3 3
491.4 3
491.5 3
491.6 4
491.7 4
491.8 4
491.9 4
492.0 4
492.1 4
492.2 5
492.3 5
492.4 4
492.5 4
492.6 3
492.7 4
492.8 3
492.9 3
493.0 4
493.1 3
493.2 2
493.3 3
493.4 3
493.5 3
493.6 4
493.7 3
493.8 3
493.9 3
494.0 2
494.1 3
494.2 3
494.3 3
494.4 3
494.5 3
494.6 2
494.7 2
494.8 3
494.9 3
495.0 3
495.1 2
495.2 2
495.3 2
495.4 2
495.5 3
495.6 3
495.7 3
495.8 2
495.9 2
496.0 3
496.1 3
496.2 3
496.3 3
496.4 3
496.5 2
496.6 2
496.7 3
496.8 3
496.9 4
497.0 3
497.1 3
497.2 3
497.3 2
497.4 3
497.5 3
497.6 3
497.7 3
497.8 3
497.9 2
498.0 3
498.1 3
498.2 3
498.3 4
498.4 3
498.5 3
498.6 3
498.7 2
498.8 3
498.9 3
499.0 2
499.1 2
499.2 3
499.3 2
499.4 2
499.5 3
499.6 3
499.7 4
499.8 3
499.9 3
500.0 4
500.1 4
500.2 3
500.3 4
500.4 4
500.5 4
500.6 4
500.7 3
500.8 4
500.9 4
501.0 3
501.1 4
501.2 4
501.3 4
501.4 4
501.5 3
501.6 4
501.7 4
501.8 3
501.9 4
502.0 4
502.1 4
502.2 4
502.3 3
502.4 4
502.5 4
502.6 3
502.7 3
502.8 3
502.9 3
503.0 3
503.1 2
503.2 2
503.3 2
503.4 2
503.5 2
503.6 3
503.7 3
503.8 3
503.9 2
504.0 3
504.1 3
504.2 3
504.3 3
504.4 2
504.5 3
504.6 2
504.7 2
504.8 2
504.9 3
505.0 2
505.1 2
505.2 3
505.3 4
505.4 4
505.5 3
505.6 3
505.7 4
505.8 4
505.9 3
506.0 4
506.1 4
506.2 3
506.3 2
506.4 3
506.5 3
506.6 3
506.7 3
506.8 3
506.9 3
507.0 3
507.1 3
507.2 3
507.3 4
507.4 3
507.5 3
507.6 4
507.7 3
507.8 4
507.9 4
508.0 3
508.1 3
508.2 3
508.3 2
508.4 3
508.5 3
508.6 2
508.7 2
508.8 2
508.9 2
509.0 2
509.1 2
509.2 3
509.3 3
509.4 2
509.5 2
509.6 3
509.7 3
509.8 3
509.9 3
510.0 3
510.1 3
510.2 3
510.3 3
510.4 4
510.5 4
510.6 3
510.7 4
510.8 3
510.9 4
511.0 4
511.1 4
511.2 3
511.3 3
511.4 3
511.5 3
511.6 3
511.7 2
511.8 3
511.9 2
512.0 2
512.1 3
512.2 3
512.3 3
512.4 2
512.5 3
512.6 3
512.7 3
512.8 3
512.9 3
513.0 3
513.1 3
513.2 3
513.3 3
513.4 4
513.5 3
513.6 3
513.7 3
513.8 2
513.9 3
514.0 3
514.1 2
514.2 2
514.3 2
514.4 2
514.5 2
514.6 2
514.7 3
514.8 3
514.9 3
515.0 3
515.1 3
515.2 4
515.3 4
515.4 3
515.5 3
515.6 3
515.7 2
515.8 3
515.9 2
516.0 2
516.1 3
516.2 2
516.3 2
516.4 3
516.5 3
516.6 3
516.7 4
516.8 3
516.9 3
517.0 3
517.1 2
517.2 3
517.3 3
517.4 2
517.5 2
517.6 3
517.7 2
517.8 2
517.9 3
518.0 3
518.1 3
518.2 2
518.3 2
518.4 2
518.5 3
518.6 2
518.7 2
518.8 3
518.9 2
519.0 2
519.1 2
519.2 3
519.3 3
519.4 3
519.5 3
519.6 3
519.7 3
519.8 2
519.9 2
520.0 3
520.1 3
520.2 2
520.3 2
520.4 3
520.5 2
520.6 2
520.7 3
520.8 3
520.9 3
521.0 2
521.1 3
521.2 3
521.3 3
521.4 2
521.5 3
521.6 3
521.7 2
521.8 2
521.9 3
522.0 3
522.1 2
522.2 3
522.3 3
522.4 3
522.5 2
522.6 3
522.7 3
522.8 3
522.9 2
523.0 3
523.1 3
523.2 3
523.3 3
523.4 3
523.5 3
523.6 2
523.7 3
523.8 3
523.9 3
524.0 3
524.1 3
524.2 2
524.3 2
524.4 2
524.5 3
524.6 3
524.7 2
524.8 3
524.9 3
525.0 2
525.1 2
525.2 2
525.3 3
525.4 3
525.5 3
525.6 3
525.7 3
525.8 2
525.9 3
526.0 3
526.1 3
526.2 3
526.3 3
526.4 3
526.5 2
526.6 2
526.7 2
526.8 3
526.9 2
527.0 2
527.1 3
527.2 3
527.3 2
527.4 3
527.5 3
527.6 3
527.7 3
527.8 2
527.9 2
528.0 3
528.1 2
528.2 2
528.3 3
528.4 2
528.5 3
528.6 3
528.7 3
528.8 3
528.9 4
529.0 3
529.1 3
529.2 3
529.3 3
529.4 3
529.5 3
529.6 3
529.7 3
529.8 3
529.9 2
530.0 3
530.1 3
530.2 4
530.3 3
530.4 3
530.5 3
530.6 3
530.7 4
530.8 4
530.9 5
531.0 4
531.1 4
531.2 3
531.3 4
531.4 4
531.5 3
531.6 3
531.7 2
531.8 2
531.9 2
532.0 2
532.1 2
532.2 2
532.3 2
532.4 2
532.5 3
532.6 3
532.7 3
532.8 3
532.9 3
533.0 3
533.1 3
533.2 4
533.3 3
533.4 3
533.5 2
533.6 3
533.7 3
533.8 3
533.9 2
534.0 3
534.1 3
534.2 2
534.3 3
534.4 3
534.5 3
534.6 3
534.7 3
534.8 3
534.9 4
535.0 3
535.1 3
535.2 3
535.3 3
535.4 3
535.5 4
535.6 3
535.7 3
535.8 3
535.9 3
536.0 3
536.1 3
536.2 4
536.3 3
536.4 3
536.5 2
536.6 3
536.7 3
536.8 3
536.9 3
537.0 3
537.1 3
537.2 2
537.3 2
537.4 3
537.5 3
537.6 3
537.7 3
537.8 3
537.9 3
538.0 3
538.1 3
538.2 3
538.3 4
538.4 3
538.5 4
538.6 3
538.7 3
538.8 3
538.9 2
539.0 3
539.1 3
539.2 3
539.3 2
539.4 3
539.5 2
539.6 2
539.7 2
539.8 3
539.9 3
540.0 2
540.1 3
540.2 3
540.3 3
540.4 3
540.5 4
540.6 4
540.7 4
540.8 4
540.9 4
541.0 5
541.1 4
541.2 4
541.3 4
541.4 4
541.5 3
541.6 3
541.7 3
541.8 3
541.9 3
542.0 2
542.1 2
542.2 3
542.3 3
542.4 2
542.5 2
542.6 3
542.7 3
542.8 2
542.9 3
543.0 3
543.1 3
543.2 3
543.3 3
543.4 3
543.5 4
543.6 3
543.7 3
543.8 4
543.9 3
544.0 3
544.1 4
544.2 3
544.3 3
544.4 3
544.5 2
544.6 3
544.7 3
544.8 2
544.9 2
545.0 3
545.1 2
545.2 2
545.3 3
545.4 3
545.5 3
545.6 2
545.7 3
545.8 3
545.9 3
546.0 3
546.1 3
546.2 3
546.3 3
546.4 3
546.5 3
546.6 3
546.7 3
546.8 3
546.9 3
547.0 2
547.1 3
547.2 3
547.3 2
547.4 2
547.5 3
547.6 3
547.7 2
547.8 2
547.9 3
548.0 3
548.1 2
548.2 2
548.3 3
548.4 3
548.5 2
548.6 2
548.7 3
548.8 3
548.9 3
549.0 3
549.1 4
549.2 4
549.3 4
549.4 4
549.5 4
549.6 4
549.7 4
549.8 4
549.9 4
550.0 4
550.1 3
550.2 4
550.3 3
550.4 4
550.5 4
550.6 4
550.7 3
550.8 3
550.9 3
551.0 3
551.1 3
551.2 3
551.3 3
551.4 2
551.5 3
551.6 3
551.7 3
551.8 3
551.9 2
552.0 2
552.1 3
552.2 2
552.3 2
552.4 3
552.5 2
552.6 2
552.7 3
552.8 3
552.9 3
553.0 3
553.1 3
553.2 3
553.3 3
553.4 3
553.5 3
553.6 3
553.7 3
553.8 3
553.9 3
554.0 3
554.1 3
554.2 3
554.3 3
554.4 3
554.5 3
554.6 3
554.7 3
554.8 3
554.9 3
555.0 3
555.1 2
555.2 3
555.3 3
555.4 2
555.5 3
555.6 3
555.7 2
555.8 2
555.9 3
556.0 3
556.1 3
556.2 2
556.3 2
556.4 3
556.5 2
556.6 2
556.7 3
556.8 3
556.9 2
557.0 2
557.1 3
557.2 3
557.3 3
557.4 2
557.5 3
557.6 3
557.7 2
557.8 3
557.9 3
558.0 3
558.1 2
558.2 2
558.3 3
558.4 3
558.5 2
558.6 3
558.7 3
558.8 3
558.9 3
559.0 3
559.1 3
559.2 3
559.3 3
559.4 3
559.5 3
559.6 3
559.7 3
559.8 3
559.9 3
560.0 3
560.1 4
560.2 4
560.3 3
560.4 4
560.5 4
560.6 3
560.7 3
560.8 3
560.9 3
561.0 3
561.1 3
561.2 3
561.3 4
561.4 3
561.5 3
561.6 4
561.7 4
561.8 3
561.9 3
562.0 4
562.1 3
562.2 3
562.3 3
562.4 3
562.5 3
562.6 3
562.7 3
562.8 3
562.9 4
563.0 3
563.1 3
563.2 3
563.3 2
563.4 3
563.5 3
563.6 2
563.7 2
563.8 2
563.9 2
564.0 2
564.1 2
564.2 2
564.3 3
564.4 2
564.5 2
564.6 3
564.7 3
564.8 4
564.9 3
565.0 3
565.1 3
565.2 3
565.3 3
565.4 3
565.5 3
565.6 3
565.7 3
565.8 2
565.9 2
566.0 2
566.1 3
566.2 3
566.3 2
566.4 3
566.5 3
566.6 2
566.7 2
566.8 2
566.9 3
567.0 3
567.1 2
567.2 3
567.3 3
567.4 3
567.5 3
567.6 3
567.7 3
567.8 4
567.9 3
568.0 3
568.1 4
568.2 3
568.3 4
568.4 3
568.5 3
568.6 3
568.7 4
568.8 3
568.9 3
569.0 3
569.1 3
569.2 3
569.3 2
569.4 2
569.5 2
569.6 3
569.7 2
569.8 2
569.9 2
570.0 3
570.1 2
570.2 2
570.3 2
570.4 3
570.5 3
570.6 2
570.7 2
570.8 3
570.9 3
571.0 2
571.1 2
571.2 3
571.3 3
571.4 2
571.5 2
571.6 2
571.7 3
571.8 2
571.9 2
572.0 3
572.1 3
572.2 2
572.3 2
572.4 3
572.5 3
572.6 3
572.7 3
572.8 3
572.9 3
573.0 3
573.1 3
573.2 3
573.3 4
573.4 3
573.5 3
573.6 3
573.7 3
573.8 3
573.9 3
574.0 2
574.1 3
574.2 3
574.3 3
574.4 3
574.5 3
574.6 4
574.7 3
574.8 3
574.9 3
575.0 3
575.1 3
575.2 3
575.3 2
575.4 3
575.5 3
575.6 2
575.7 3
575.8 3
575.9 3
576.0 4
576.1 3
576.2 3
576.3 4
576.4 3
576.5 4
576.6 4
576.7 3
576.8 3
576.9 3
577.0 3
577.1 3
577.2 3
577.3 2
577.4 3
577.5 2
577.6 3
577.7 3
577.8 3
577.9 4
578.0 3
578.1 3
578.2 3
578.3 4
578.4 3
578.5 3
578.6 3
578.7 3
578.8 3
578.9 3
579.0 3
579.1 3
579.2 3
579.3 2
579.4 3
579.5 3
579.6 2
579.7 2
579.8 2
579.9 2
580.0 2
580.1 3
580.2 3
580.3 3
580.4 2
580.5 2
580.6 3
580.7 3
580.8 3
580.9 3
581.0 3
581.1 2
581.2 2
581.3 3
581.4 3
581.5 3
581.6 2
581.7 2
581.8 3
581.9 2
582.0 3
582.1 3
582.2 3
582.3 3
582.4 3
582.5 4
582.6 4
582.7 4
582.8 4
582.9 4
583.0 3
583.1 3
583.2 3
583.3 3
583.4 3
583.5 2
583.6 2
583.7 2
583.8 2
583.9 2
584.0 2
584.1 2
584.2 3
584.3 2
584.4 2
584.5 2
584.6 2
584.7 3
584.8 2
584.9 2
585.0 3
585.1 3
585.2 3
585.3 3
585.4 3
585.5 3
585.6 3
585.7 3
585.8 3
585.9 4
586.0 3
586.1 3
586.2 2
586.3 3
586.4 3
586.5 3
586.6 4
586.7 3
586.8 3
586.9 3
587.0 3
587.1 3
587.2 3
587.3 3
587.4 3
587.5 3
587.6 2
587.7 3
587.8 3
587.9 2
588.0 2
588.1 3
588.2 3
588.3 2
588.4 2
588.5 3
588.6 3
588.7 2
588.8 3
588.9 3
589.0 3
589.1 2
589.2 2
589.3 3
589.4 3
589.5 2
589.6 2
589.7 3
589.8 2
589.9 2
590.0 3
590.1 3
590.2 3
590.3 2
590.4 3
590.5 3
590.6 3
590.7 3
590.8 3
590.9 3
591.0 3
591.1 3
591.2 3
591.3 3
591.4 2
591.5 3
591.6 3
591.7 2
591.8 3
591.9 3
592.0 2
592.1 3
592.2 3
592.3 4
592.4 4
592.5 3
592.6 3
592.7 3
592.8 3
592.9 3
593.0 3
593.1 2
593.2 3
593.3 2
593.4 2
593.5 3
593.6 3
593.7 3
593.8 3
593.9 3
594.0 3
594.1 4
594.2 3
594.3 3
594.4 3
594.5 3
594.6 3
594.7 4
594.8 3
594.9 3
595.0 3
595.1 3
595.2 3
595.3 4
595.4 4
595.5 3
595.6 3
595.7 3
595.8 3
595.9 4
596.0 4
596.1 3
596.2 4
596.3 3
596.4 3
596.5 4
596.6 4
596.7 3
596.8 3
596.9 3
597.0 3
597.1 3
597.2 2
597.3 3
597.4 3
597.5 2
597.6 3
597.7 3
597.8 3
597.9 2
598.0 3
598.1 3
598.2 3
598.3 3
598.4 3
598.5 3
598.6 2
598.7 3
598.8 3
598.9 3
599.0 2
599.1 2
599.2 3
599.3 2
599.4 2
599.5 2
599.6 2
599.7 2
599.8 2
599.9 2
600.0 2
600.1 2
600.2 1
600.3 2
600.4 2
600.5 2
600.6 3
600.7 2
600.8 2
600.9 3
601.0 3
601.1 3
601.2 3
601.3 2
601.4 3
601.5 3
601.6 3
601.7 4
601.8 4
601.9 3
602.0 3
602.1 4
602.2 4
602.3 4
602.4 4
602.5 4
602.6 3
602.7 2
602.8 3
602.9 3
603.0 3
603.1 2
603.2 3
603.3 3
603.4 2
603.5 3
603.6 3
603.7 3
603.8 3
603.9 3
604.0 3
604.1 3
604.2 2
604.3 3
604.4 4
604.5 3
604.6 4
604.7 4
604.8 3
604.9 3
605.0 3
605.1 4
605.2 5
605.3 4
605.4 3
605.5 3
605.6 3
605.7 4
605.8 4
605.9 5
606.0 5
606.1 4
606.2 3
606.3 4
606.4 4
606.5 4
606.6 4
606.7 3
606.8 3
606.9 2
607.0 3
607.1 3
607.2 3
607.3 3
607.4 3
607.5 3
607.6 3
607.7 3
607.8 3
607.9 3
608.0 2
608.1 3
608.2 3
608.3 2
608.4 3
608.5 3
608.6 2
608.7 2
608.8 3
608.9 3
609.0 3
609.1 3
609.2 3
609.3 4
609.4 3
609.5 3
609.6 4
609.7 4
609.8 3
609.9 4
610.0 4
610.1 3
610.2 4
610.3 3
610.4 3
610.5 3
610.6 3
610.7 3
610.8 3
610.9 2
611.0 3
611.1 3
611.2 2
611.3 3
611.4 3
611.5 3
611.6 3
611.7 3
611.8 3
611.9 4
612.0 3
612.1 3
612.2 3
612.3 2
612.4 2
612.5 3
612.6 2
612.7 2
612.8 2
612.9 1
613.0 2
613.1 2
613.2 2
613.3 3
613.4 3
613.5 2
613.6 3
613.7 3
613.8 3
613.9 3
614.0 3
614.1 3
614.2 3
614.3 2
614.4 3
614.5 3
614.6 2
614.7 2
614.8 3
614.9 3
615.0 2
615.1 2
615.2 3
615.3 3
615.4 3
615.5 3
615.6 3
615.7 3
615.8 2
615.9 2
616.0 3
616.1 3
616.2 2
616.3 2
616.4 2
616.5 2
616.6 2
616.7 2
616.8 2
616.9 3
617.0 2
617.1 3
617.2 3
617.3 3
617.4 3
617.5 3
617.6 3
617.7 4
617.8 4
617.9 3
618.0 3
618.1 3
618.2 3
618.3 3
618.4 2
618.5 3
618.6 3
618.7 3
618.8 3
618.9 3
619.0 4
619.1 3
619.2 3
619.3 3
619.4 3
619.5 3
619.6 3
619.7 2
619.8 2
619.9 2
620.0 2
620.1 2
620.2 2
620.3 3
620.4 4
620.5 3
620.6 3
620.7 4
620.8 5
620.9 5
621.0 4
621.1 5
621.2 5
621.3 4
621.4 3
621.5 3
621.6 3
621.7 3
621.8 2
621.9 2
622.0 2
622.1 2
622.2 2
622.3 2
622.4 2
622.5 2
622.6 3
622.7 2
622.8 2
622.9 2
623.0 3
623.1 2
623.2 2
623.3 3
623.4 3
623.5 3
623.6 3
623.7 3
623.8 4
623.9 4
624.0 3
624.1 3
624.2 3
624.3 3
624.4 3
624.5 3
624.6 3
624.7 3
624.8 3
624.9 3
625.0 3
625.1 4
625.2 4
625.3 4
625.4 4
625.5 4
625.6 3
625.7 4
625.8 3
625.9 4
626.0 4
626.1 3
626.2 3
626.3 2
626.4 3
626.5 3
626.6 3
626.7 3
626.8 4
626.9 3
627.0 3
627.1 3
627.2 3
627.3 4
627.4 3
627.5 3
627.6 4
627.7 3
627.8 2
627.9 2
628.0 2
628.1 2
628.2 3
628.3 2
628.4 2
628.5 3
628.6 2
628.7 2
628.8 2
628.9 3
629.0 3
629.1 3
629.2 2
629.3 3
629.4 3
629.5 2
629.6 2
629.7 3
629.8 3
629.9 2
630.0 2
630.1 2
630.2 3
630.3 2
630.4 2
630.5 2
630.6 3
630.7 3
630.8 3
630.9 3
631.0 3
631.1 4
631.2 3
631.3 3
631.4 4
631.5 4
631.6 3
631.7 2
631.8 2
631.9 3
632.0 3
632.1 2
632.2 2
632.3 3
632.4 2
632.5 2
632.6 3
632.7 3
632.8 3
632.9 2
633.0 2
633.1 3
633.2 3
633.3 2
633.4 3
633.5 3
633.6 2
633.7 2
633.8 2
633.9 2
634.0 3
634.1 2
634.2 2
634.3 2
634.4 1
634.5 2
634.6 3
634.7 3
634.8 3
634.9 3
635.0 2
635.1 3
635.2 3
635.3 3
635.4 4
635.5 3
635.6 2
635.7 2
635.8 3
635.9 3
636.0 3
636.1 2
636.2 3
636.3 3
636.4 2
636.5 2
636.6 2
636.7 3
636.8 2
636.9 2
637.0 3
637.1 3
637.2 2
637.3 2
637.4 2
637.5 3
637.6 3
637.7 2
637.8 2
637.9 3
638.0 2
638.1 2
638.2 3
638.3 3
638.4 3
638.5 2
638.6 3
638.7 3
638.8 3
638.9 2
639.0 3
639.1 3
639.2 2
639.3 2
639.4 3
639.5 3
639.6 2
639.7 3
639.8 3
639.9 3
640.0 3
640.1 3
640.2 3
640.3 3
640.4 3
640.5 3
640.6 3
640.7 2
640.8 2
640.9 3
641.0 2
641.1 3
641.2 3
641.3 3
641.4 2
641.5 3
641.6 3
641.7 3
641.8 3
641.9 2
642.0 3
642.1 2
642.2 2
642.3 2
642.4 2
642.5 2
642.6 2
642.7 2
642.8 3
642.9 3
643.0 2
643.1 2
643.2 3
643.3 3
643.4 4
643.5 3
643.6 3
643.7 3
643.8 2
643.9 3
644.0 3
644.1 3
644.2 2
644.3 2
644.4 2
644.5 2
644.6 2
644.7 2
644.8 3
644.9 2
645.0 2
645.1 2
645.2 2
645.3 3
645.4 2
645.5 3
645.6 3
645.7 4
645.8 3
645.9 3
646.0 3
646.1 3
646.2 4
646.3 3
646.4 3
646.5 2
646.6 3
646.7 2
646.8 2
646.9 3
647.0 3
647.1 3
647.2 2
647.3 3
647.4 3
647.5 3
647.6 2
647.7 2
647.8 2
647.9 2
648.0 2
648.1 2
648.2 3
648.3 2
648.4 2
648.5 2
648.6 3
648.7 3
648.8 3
648.9 2
649.0 3
649.1 3
649.2 2
649.3 2
649.4 3
649.5 3
649.6 2
649.7 2
649.8 3
649.9 3
650.0 3
650.1 3
650.2 3
650.3 4
650.4 3
650.5 3
650.6 4
650.7 4
650.8 3
650.9 3
651.0 2
651.1 3
651.2 3
651.3 2
651.4 2
651.5 2
651.6 1
651.7 2
651.8 2
651.9 2
652.0 2
652.1 2
652.2 2
652.3 2
652.4 2
652.5 2
652.6 2
652.7 2
652.8 2
652.9 2
653.0 3
653.1 2
653.2 2
653.3 3
653.4 3
653.5 3
653.6 4
653.7 3
653.8 3
653.9 4
654.0 3
654.1 3
654.2 4
654.3 3
654.4 3
654.5 3
654.6 3
654.7 3
654.8 3
654.9 2
655.0 3
655.1 3
655.2 2
655.3 3
655.4 3
655.5 3
655.6 3
655.7 3
655.8 3
655.9 4
656.0 3
656.1 3
656.2 3
656.3 3
656.4 3
656.5 3
656.6 2
656.7 3
656.8 3
656.9 3
657.0 3
657.1 4
657.2 4
657.3 3
657.4 3
657.5 4
657.6 4
657.7 3
657.8 3
657.9 2
658.0 3
658.1 2
658.2 3
658.3 3
658.4 3
658.5 2
658.6 3
658.7 3
658.8 3
658.9 3
659.0 2
659.1 3
659.2 2
659.3 2
659.4 3
659.5 3
659.6 2
659.7 2
659.8 2
659.9 2
660.0 3
660.1 2
660.2 2
660.3 2
660.4 2
660.5 2
660.6 2
660.7 2
660.8 3
660.9 3
661.0 2
661.1 2
661.2 2
661.3 3
661.4 2
661.5 2
661.6 2
661.7 3
661.8 2
661.9 2
662.0 2
662.1 2
662.2 3
662.3 2
662.4 2
662.5 3
662.6 3
662.7 2
662.8 2
662.9 3
663.0 3
663.1 3
663.2 2
663.3 3
663.4 3
663.5 3
663.6 3
663.7 3
663.8 4
663.9 3
664.0 3
664.1 4
664.2 4
664.3 3
664.4 3
664.5 2
664.6 3
664.7 3
664.8 2
664.9 2
665.0 3
665.1 2
665.2 2
665.3 2
665.4 2
665.5 3
665.6 2
665.7 3
665.8 3
665.9 3
666.0 2
666.1 3
666.2 3
666.3 3
666.4 3
666.5 2
666.6 3
666.7 2
666.8 3
666.9 3
667.0 3
667.1 2
667.2 2
667.3 3
667.4 3
667.5 3
667.6 2
667.7 3
667.8 2
667.9 2
668.0 2
668.1 3
668.2 4
668.3 4
668.4 4
668.5 4
668.6 5
668.7 4
668.8 4
668.9 5
669.0 5
669.1 5
669.2 4
669.3 3
669.4 4
669.5 4
669.6 3
669.7 4
669.8 4
669.9 3
670.0 3
670.1 3
670.2 3
670.3 3
670.4 2
670.5 3
670.6 3
670.7 2
670.8 2
670.9 3
671.0 3
671.1 2
671.2 2
671.3 3
671.4 3
671.5 2
671.6 2
671.7 3
671.8 3
671.9 2
672.0 3
672.1 3
672.2 3
672.3 3
672.4 3
672.5 3
672.6 3
672.7 3
672.8 3
672.9 3
673.0 2
673.1 3
673.2 3
673.3 2
673.4 2
673.5 3
673.6 3
673.7 2
673.8 2
673.9 3
674.0 3
674.1 3
674.2 3
674.3 3
674.4 3
674.5 2
674.6 3
674.7 3
674.8 4
674.9 3
675.0 3
675.1 2
675.2 3
675.3 3
675.4 3
675.5 3
675.6 2
675.7 3
675.8 2
675.9 2
676.0 3
676.1 3
676.2 2
676.3 2
676.4 3
676.5 3
676.6 4
676.7 3
676.8 4
676.9 4
677.0 3
677.1 3
677.2 4
677.3 4
677.4 3
677.5 4
677.6 3
677.7 3
677.8 2
677.9 3
678.0 3
678.1 3
678.2 2
678.3 3
678.4 3
678.5 2
678.6 2
678.7 3
678.8 4
678.9 3
679.0 3
679.1 4
679.2 4
679.3 4
679.4 4
679.5 4
679.6 5
679.7 5
679.8 4
679.9 4
680.0 4
680.1 3
680.2 3
680.3 3
680.4 3
680.5 3
680.6 2
680.7 2
680.8 2
680.9 2
681.0 3
681.1 3
681.2 3
681.3 3
681.4 3
681.5 3
681.6 4
681.7 3
681.8 4
681.9 4
682.0 3
682.1 3
682.2 4
682.3 3
682.4 3
682.5 4
682.6 3
682.7 3
682.8 2
682.9 2
683.0 3
683.1 3
683.2 2
683.3 2
683.4 3
683.5 2
683.6 2
683.7 3
683.8 3
683.9 3
684.0 2
684.1 3
684.2 3
684.3 3
684.4 2
684.5 2
684.6 3
684.7 3
684.8 3
684.9 3
685.0 3
685.1 2
685.2 3
685.3 3
685.4 3
685.5 3
685.6 3
685.7 2
685.8 2
685.9 2
686.0 3
686.1 3
686.2 2
686.3 3
686.4 3
686.5 3
686.6 3
686.7 3
686.8 3
686.9 4
687.0 3
687.1 3
687.2 4
687.3 3
687.4 3
687.5 3
687.6 3
687.7 3
687.8 4
687.9 3
688.0 4
688.1 4
688.2 3
688.3 3
688.4 4
688.5 4
688.6 3
688.7 4
688.8 4
688.9 4
689.0 3
689.1 3
689.2 3
689.3 4
689.4 3
689.5 3
689.6 4
689.7 3
689.8 2
689.9 2
690.0 2
690.1 2
690.2 3
690.3 2
690.4 2
690.5 3
690.6 2
690.7 2
690.8 3
690.9 3
691.0 3
691.1 4
691.2 3
691.3 3
691.4 3
691.5 3
691.6 3
691.7 3
691.8 2
691.9 2
692.0 3
692.1 2
692.2 2
692.3 3
692.4 3
692.5 2
692.6 2
692.7 3
692.8 3
692.9 3
693.0 2
693.1 3
693.2 3
693.3 2
693.4 3
693.5 3
693.6 3
693.7 3
693.8 3
693.9 3
694.0 4
694.1 3
694.2 3
694.3 3
694.4 3
694.5 3
694.6 3
694.7 2
694.8 2
694.9 3
695.0 2
695.1 3
695.2 3
695.3 3
695.4 2
695.5 3
695.6 3
695.7 3
695.8 3
695.9 3
696.0 3
696.1 2
696.2 3
696.3 3
696.4 3
696.5 2
696.6 3
696.7 3
696.8 3
696.9 3
697.0 3
697.1 3
697.2 3
697.3 4
697.4 4
697.5 4
697.6 4
697.7 4
697.8 4
697.9 3
698.0 4
698.1 4
698.2 3
698.3 2
698.4 2
698.5 3
698.6 2
698.7 2
698.8 2
698.9 3
699.0 2
699.1 2
699.2 2
699.3 3
699.4 3
699.5 2
699.6 3
699.7 3
699.8 4
699.9 3
700.0 3
700.1 3
700.2 3
700.3 3
700.4 3
700.5 3
700.6 2
700.7 3
700.8 2
700.9 2
701.0 2
701.1 3
701.2 3
701.3 2
