0.0 1
0.1 1
0.2 2
0.3 3
0.4 4
0.5 4
0.6 3
0.7 3
0.8 4
0.9 5
1.0 5
1.1 5
1.2 5
1.3 5
1.4 4
1.5 4
1.6 4
1.7 4
1.8 4
1.9 3
2.0 3
2.1 3
2.2 2
2.3 2
2.4 2
2.5 2
2.6 4
2.7 4
2.8 3
2.9 3
3.0 3
3.1 3
3.2 4
3.3 3
3.4 3
3.5 3
3.6 2
3.7 2
3.8 2
3.9 2
4.0 2
4.1 3
4.2 2
4.3 3
4.4 3
4.5 3
4.6 2
4.7 2
4.8 3
4.9 3
5.0 4
5.1 4
5.2 4
5.3 3
5.4 3
5.5 3
5.6 3
5.7 4
5.8 3
5.9 3
6.0 3
6.1 2
6.2 2
6.3 2
6.4 2
6.5 2
6.6 3
6.7 2
6.8 2
6.9 2
7.0 2
7.1 2
7.2 2
7.3 2
7.4 3
7.5 3
7.6 4
7.7 4
7.8 4
7.9 4
8.0 3
8.1 3
8.2 4
8.3 4
8.4 3
8.5 3
8.6 2
8.7 2
8.8 3
8.9 3
9.0 3
9.1 4
9.2 4
9.3 4
9.4 4
9.5 4
9.6 3
9.7 3
9.8 3
9.9 3
10.0 3
10.1 2
10.2 2
10.3 2
10.4 3
10.5 3
10.6 3
10.7 3
10.8 4
10.9 4
11.0 4
11.1 4
11.2 4
11.3 5
11.4 4
11.5 4
11.6 4
11.7 5
11.8 3
11.9 3
12.0 4
12.1 4
12.2 4
12.3 5
12.4 5
12.5 5
12.6 5
12.7 4
12.8 4
12.9 5
13.0 4
13.1 4
13.2 3
13.3 2
13.4 2
13.5 2
13.6 2
13.7 2
13.8 3
13.9 4
14.0 4
14.1 4
14.2 4
14.3 3
14.4 3
14.5 4
14.6 4
14.7 4
14.8 3
14.9 1
15.0 2
15.1 3
15.2 3
15.3 3
15.4 3
15.5 4
15.6 4
15.7 4
15.8 4
15.9 4
16.0 3
16.1 3
16.2 3
16.3 3
16.4 3
16.5 2
16.6 2
16.7 3
16.8 3
16.9 3
17.0 3
17.1 4
17.2 4
17.3 4
17.4 4
17.5 3
17.6 3
17.7 3
17.8 3
17.9 3
18.0 3
18.1 2
18.2 2
18.3 3
18.4 3
18.5 3
18.6 4
18.7 3
18.8 4
18.9 5
19.0 5
19.1 4
19.2 4
19.3 3
19.4 3
19.5 4
19.6 3
19.7 3
19.8 2
19.9 2
20.0 2
20.1 2
20.2 2
20.3 2
20.4 3
20.5 2
20.6 2
20.7 3
20.8 3
20.9 2
21.0 2
21.1 2
21.2 2
21.3 3
21.4 2
21.5 2
21.6 2
21.7 1
21.8 3
21.9 3
22.0 3
22.1 3
22.2 3
22.3 2
22.4 3
22.5 3
22.6 3
22.7 3
22.8 2
22.9 2
23.0 2
23.1 3
23.2 4
23.3 4
23.4 3
23.5 3
23.6 3
23.7 4
23.8 3
23.9 5
24.0 5
24.1 4
24.2 3
24.3 3
24.4 4
24.5 4
24.6 4
24.7 4
24.8 4
24.9 2
25.0 2
25.1 2
25.2 3
25.3 4
25.4 3
25.5 3
25.6 3
25.7 2
25.8 3
25.9 3
26.0 4
26.1 4
26.2 5
26.3 4
26.4 4
26.5 4
26.6 5
26.7 5
26.8 6
26.9 6
27.0 5
27.1 5
27.2 3
27.3 3
27.4 4
27.5 4
27.6 3
27.7 3
27.8 1
27.9 2
28.0 3
28.1 3
28.2 3
28.3 3
28.4 2
28.5 3
28.6 3
28.7 4
28.8 5
28.9 5
29.0 4
29.1 4
29.2 4
29.3 4
29.4 5
29.5 4
29.6 4
29.7 3
29.8 2
29.9 2
30.0 3
30.1 3
30.2 3
30.3 3
30.4 2
30.5 3
30.6 3
30.7 3
30.8 4
30.9 3
31.0 2
31.1 2
31.2 2
31.3 3
31.4 4
31.5 3
31.6 3
31.7 3
31.8 2
31.9 3
32.0 3
32.1 3
32.2 3
32.3 3
32.4 2
32.5 2
32.6 2
32.7 4
32.8 4
32.9 3
33.0 3
33.1 3
33.2 3
33.3 3
33.4 3
33.5 3
33.6 3
33.7 2
33.8 2
33.9 2
34.0 3
34.1 4
34.2 4
34.3 3
34.4 3
34.5 3
34.6 4
34.7 3
34.8 3
34.9 3
35.0 3
35.1 2
35.2 2
35.3 2
35.4 4
35.5 4
35.6 3
35.7 3
35.8 3
35.9 3
36.0 3
36.1 3
36.2 3
36.3 3
36.4 2
36.5 2
36.6 2
36.7 4
36.8 4
36.9 4
37.0 3
37.1 3
37.2 3
37.3 4
37.4 3
37.5 3
37.6 3
37.7 2
37.8 2
37.9 2
38.0 2
38.1 2
38.2 3
38.3 2
38.4 2
38.5 2
38.6 3
38.7 2
38.8 2
38.9 2
39.0 2
39.1 3
39.2 2
39.3 2
39.4 2
39.5 2
39.6 2
39.7 3
39.8 3
39.9 3
40.0 3
40.1 2
40.2 2
40.3 3
40.4 3
40.5 3
40.6 2
40.7 2
40.8 2
40.9 3
41.0 3
41.1 3
41.2 3
41.3 3
41.4 3
41.5 3
41.6 4
41.7 3
41.8 3
41.9 2
42.0 3
42.1 3
42.2 3
42.3 2
42.4 2
42.5 3
42.6 2
42.7 2
42.8 2
42.9 2
43.0 2
43.1 3
43.2 3
43.3 3
43.4 3
43.5 2
43.6 3
43.7 3
43.8 3
43.9 3
44.0 2
44.1 2
44.2 2
44.3 3
44.4 3
44.5 4
44.6 3
44.7 3
44.8 3
44.9 5
45.0 5
45.1 4
45.2 4
45.3 3
45.4 4
45.5 3
45.6 3
45.7 3
45.8 4
45.9 2
46.0 2
46.1 2
46.2 2
46.3 2
46.4 2
46.5 2
46.6 2
46.7 2
46.8 1
46.9 3
47.0 3
47.1 3
47.2 3
47.3 3
47.4 2
47.5 3
47.6 3
47.7 3
47.8 3
47.9 2
48.0 2
48.1 3
48.2 3
48.3 3
48.4 4
48.5 4
48.6 4
48.7 4
48.8 4
48.9 3
49.0 4
49.1 5
49.2 5
49.3 5
49.4 4
49.5 3
49.6 3
49.7 4
49.8 4
49.9 4
50.0 4
50.1 2
50.2 2
50.3 2
50.4 2
50.5 2
50.6 3
50.7 2
50.8 3
50.9 3
51.0 2
51.1 3
51.2 3
51.3 3
51.4 3
51.5 3
51.6 2
51.7 3
51.8 2
51.9 3
52.0 4
52.1 4
52.2 4
52.3 4
52.4 4
52.5 4
52.6 4
52.7 4
52.8 4
52.9 3
53.0 3
53.1 2
53.2 2
53.3 2
53.4 2
53.5 2
53.6 3
53.7 2
53.8 2
53.9 2
54.0 1
54.1 3
54.2 3
54.3 3
54.4 3
54.5 3
54.6 2
54.7 3
54.8 3
54.9 3
55.0 3
55.1 2
55.2 2
55.3 3
55.4 3
55.5 3
55.6 4
55.7 4
55.8 4
55.9 4
56.0 4
56.1 3
56.2 3
56.3 3
56.4 3
56.5 3
56.6 2
56.7 2
56.8 2
56.9 2
57.0 3
57.1 4
57.2 4
57.3 3
57.4 3
57.5 3
57.6 4
57.7 4
57.8 5
57.9 5
58.0 4
58.1 3
58.2 3
58.3 4
58.4 4
58.5 4
58.6 3
58.7 3
58.8 2
58.9 2
59.0 2
59.1 4
59.2 4
59.3 3
59.4 3
59.5 3
59.6 3
59.7 3
59.8 3
59.9 3
60.0 3
60.1 2
60.2 2
60.3 3
60.4 3
60.5 3
60.6 4
60.7 4
60.8 4
60.9 4
61.0 4
61.1 3
61.2 3
61.3 3
61.4 3
61.5 3
61.6 2
61.7 2
61.8 3
61.9 3
62.0 3
62.1 3
62.2 3
62.3 3
62.4 3
62.5 3
62.6 4
62.7 3
62.8 2
62.9 2
63.0 2
63.1 2
63.2 3
63.3 3
63.4 4
63.5 4
63.6 3
63.7 3
63.8 3
63.9 3
64.0 4
64.1 4
64.2 3
64.3 2
64.4 2
64.5 2
64.6 3
64.7 3
64.8 3
64.9 3
65.0 2
65.1 3
65.2 3
65.3 3
65.4 3
65.5 3
65.6 2
65.7 2
65.8 2
65.9 2
66.0 3
66.1 2
66.2 2
66.3 3
66.4 2
66.5 2
66.6 2
66.7 2
66.8 2
66.9 3
67.0 2
67.1 2
67.2 3
67.3 2
67.4 2
67.5 2
67.6 2
67.7 2
67.8 3
67.9 2
68.0 2
68.1 2
68.2 1
68.3 3
68.4 3
68.5 3
68.6 3
68.7 3
68.8 2
68.9 3
69.0 3
69.1 3
69.2 3
69.3 2
69.4 2
69.5 2
69.6 3
69.7 4
69.8 4
69.9 3
70.0 3
70.1 3
70.2 3
70.3 3
70.4 3
70.5 3
70.6 2
70.7 2
70.8 2
70.9 2
71.0 3
71.1 4
71.2 4
71.3 3
71.4 3
71.5 3
71.6 4
71.7 3
71.8 3
71.9 3
72.0 3
72.1 2
72.2 2
72.3 2
72.4 2
72.5 3
72.6 2
72.7 2
72.8 2
72.9 2
73.0 2
73.1 3
73.2 3
73.3 3
73.4 3
73.5 2
73.6 3
73.7 3
73.8 3
73.9 4
74.0 3
74.1 2
74.2 2
74.3 2
74.4 4
74.5 4
74.6 3
74.7 3
74.8 3
74.9 2
75.0 3
75.1 3
75.2 3
75.3 4
75.4 2
75.5 2
75.6 2
75.7 2
75.8 2
75.9 3
76.0 2
76.1 2
76.2 2
76.3 2
76.4 2
76.5 2
76.6 3
76.7 4
76.8 4
76.9 3
77.0 3
77.1 3
77.2 4
77.3 3
77.4 5
77.5 5
77.6 4
77.7 3
77.8 3
77.9 4
78.0 4
78.1 4
78.2 4
78.3 4
78.4 2
78.5 2
78.6 2
78.7 2
78.8 3
78.9 2
79.0 2
79.1 2
79.2 1
79.3 2
79.4 3
79.5 3
79.6 3
79.7 3
79.8 2
79.9 2
80.0 3
80.1 3
80.2 3
80.3 2
80.4 2
80.5 2
80.6 3
80.7 3
80.8 3
80.9 3
81.0 3
81.1 4
81.2 4
81.3 5
81.4 5
81.5 5
81.6 4
81.7 4
81.8 4
81.9 4
82.0 4
82.1 3
82.2 3
82.3 2
82.4 1
82.5 2
82.6 3
82.7 3
82.8 3
82.9 3
83.0 2
83.1 3
83.2 3
83.3 3
83.4 4
83.5 3
83.6 2
83.7 2
83.8 2
83.9 2
84.0 3
84.1 2
84.2 3
84.3 3
84.4 3
84.5 3
84.6 3
84.7 4
84.8 4
84.9 4
85.0 3
85.1 3
85.2 2
85.3 3
85.4 4
85.5 4
85.6 4
85.7 3
85.8 3
85.9 3
86.0 4
86.1 4
86.2 4
86.3 4
86.4 2
86.5 2
86.6 2
86.7 2
86.8 2
86.9 3
87.0 2
87.1 2
87.2 3
87.3 2
87.4 2
87.5 2
87.6 3
87.7 3
87.8 3
87.9 3
88.0 4
88.1 4
88.2 3
88.3 3
88.4 3
88.5 4
88.6 3
88.7 3
88.8 3
88.9 2
89.0 2
89.1 3
89.2 3
89.3 3
89.4 3
89.5 2
89.6 3
89.7 3
89.8 3
89.9 4
90.0 3
90.1 2
90.2 2
90.3 3
90.4 3
90.5 3
90.6 3
90.7 4
90.8 4
90.9 3
91.0 3
91.1 3
91.2 4
91.3 3
91.4 3
91.5 3
91.6 2
91.7 2
91.8 2
91.9 3
92.0 3
92.1 3
92.2 4
92.3 4
92.4 4
92.5 4
92.6 4
92.7 3
92.8 4
92.9 3
93.0 3
93.1 3
93.2 1
93.3 2
93.4 2
93.5 3
93.6 3
93.7 3
93.8 4
93.9 4
94.0 4
94.1 4
94.2 4
94.3 3
94.4 4
94.5 3
94.6 3
94.7 3
94.8 2
94.9 2
95.0 2
95.1 2
95.2 2
95.3 3
95.4 2
95.5 2
95.6 3
95.7 3
95.8 2
95.9 2
96.0 2
96.1 2
96.2 3
96.3 2
96.4 2
96.5 2
96.6 1
96.7 3
96.8 3
96.9 3
97.0 3
97.1 3
97.2 2
97.3 3
97.4 3
97.5 3
97.6 3
97.7 1
97.8 2
97.9 2
98.0 3
98.1 3
98.2 4
98.3 3
98.4 4
98.5 4
98.6 4
98.7 4
98.8 4
98.9 4
99.0 5
99.1 5
99.2 4
99.3 4
99.4 3
99.5 3
99.6 4
99.7 4
99.8 3
99.9 4
100.0 2
100.1 2
100.2 2
100.3 2
100.4 2
100.5 3
100.6 2
100.7 2
100.8 2
100.9 1
101.0 3
101.1 3
101.2 3
101.3 3
101.4 3
101.5 2
101.6 3
101.7 3
101.8 3
101.9 3
102.0 2
102.1 2
102.2 2
102.3 3
102.4 4
102.5 4
102.6 3
102.7 3
102.8 3
102.9 3
103.0 3
103.1 3
103.2 3
103.3 3
103.4 2
103.5 2
103.6 2
103.7 2
103.8 3
103.9 3
104.0 2
104.1 2
104.2 3
104.3 2
104.4 2
104.5 2
104.6 2
104.7 2
104.8 2
104.9 2
105.0 2
105.1 2
105.2 2
105.3 3
105.4 3
105.5 3
105.6 3
105.7 3
105.8 2
105.9 3
106.0 3
106.1 3
106.2 2
106.3 2
106.4 2
106.5 3
106.6 3
106.7 3
106.8 3
106.9 2
107.0 3
107.1 3
107.2 4
107.3 3
107.4 3
107.5 2
107.6 3
107.7 3
107.8 3
107.9 3
108.0 2
108.1 3
108.2 4
108.3 4
108.4 4
108.5 4
108.6 3
108.7 3
108.8 4
108.9 4
109.0 4
109.1 4
109.2 2
109.3 2
109.4 2
109.5 2
109.6 2
109.7 3
109.8 2
109.9 3
110.0 3
110.1 4
110.2 4
110.3 4
110.4 4
110.5 4
110.6 5
110.7 4
110.8 4
110.9 3
111.0 4
111.1 2
111.2 2
111.3 2
111.4 4
111.5 4
111.6 3
111.7 3
111.8 3
111.9 3
112.0 3
112.1 3
112.2 3
112.3 3
112.4 2
112.5 2
112.6 3
112.7 3
112.8 3
112.9 4
113.0 3
113.1 4
113.2 4
113.3 4
113.4 4
113.5 5
113.6 4
113.7 4
113.8 4
113.9 3
114.0 4
114.1 3
114.2 3
114.3 3
114.4 2
114.5 2
114.6 3
114.7 3
114.8 3
114.9 3
115.0 2
115.1 3
115.2 3
115.3 4
115.4 4
115.5 3
115.6 3
115.7 3
115.8 3
115.9 3
116.0 4
116.1 3
116.2 3
116.3 2
116.4 2
116.5 3
116.6 2
116.7 2
116.8 2
116.9 2
117.0 3
117.1 3
117.2 3
117.3 3
117.4 3
117.5 2
117.6 3
117.7 3
117.8 3
117.9 3
118.0 1
118.1 2
118.2 2
118.3 3
118.4 3
118.5 4
118.6 3
118.7 3
118.8 3
118.9 5
119.0 5
119.1 4
119.2 4
119.3 3
119.4 4
119.5 3
119.6 3
119.7 3
119.8 3
119.9 2
120.0 2
120.1 3
120.2 3
120.3 3
120.4 4
120.5 4
120.6 4
120.7 4
120.8 4
120.9 3
121.0 4
121.1 3
121.2 3
121.3 3
121.4 1
121.5 2
121.6 2
121.7 3
121.8 3
121.9 3
122.0 4
122.1 4
122.2 4
122.3 4
122.4 4
122.5 3
122.6 4
122.7 3
122.8 3
122.9 3
123.0 1
123.1 2
123.2 3
123.3 3
123.4 3
123.5 3
123.6 3
123.7 4
123.8 4
123.9 4
124.0 5
124.1 5
124.2 4
124.3 4
124.4 4
124.5 4
124.6 3
124.7 3
124.8 3
124.9 3
125.0 2
125.1 2
125.2 2
125.3 3
125.4 3
125.5 3
125.6 3
125.7 3
125.8 4
125.9 5
126.0 5
126.1 4
126.2 4
126.3 3
126.4 3
126.5 4
126.6 4
126.7 3
126.8 2
126.9 2
127.0 2
127.1 3
127.2 3
127.3 3
127.4 3
127.5 3
127.6 3
127.7 4
127.8 5
127.9 4
128.0 4
128.1 4
128.2 5
128.3 5
128.4 5
128.5 4
128.6 4
128.7 4
128.8 3
128.9 3
129.0 3
129.1 2
129.2 2
129.3 3
129.4 3
129.5 3
129.6 3
129.7 2
129.8 3
129.9 3
130.0 4
130.1 4
130.2 3
130.3 3
130.4 3
130.5 3
130.6 4
130.7 4
130.8 3
130.9 3
131.0 2
131.1 3
131.2 3
131.3 4
131.4 4
131.5 4
131.6 3
131.7 3
131.8 3
131.9 4
132.0 4
132.1 3
132.2 4
132.3 2
132.4 2
132.5 2
132.6 2
132.7 2
132.8 3
132.9 2
133.0 2
133.1 2
133.2 1
133.3 2
133.4 3
133.5 3
133.6 3
133.7 3
133.8 2
133.9 3
134.0 3
134.1 3
134.2 3
134.3 2
134.4 2
134.5 3
134.6 3
134.7 3
134.8 3
134.9 3
135.0 4
135.1 4
135.2 4
135.3 5
135.4 5
135.5 4
135.6 4
135.7 4
135.8 4
135.9 3
136.0 3
136.1 3
136.2 3
136.3 2
136.4 2
136.5 2
136.6 2
136.7 3
136.8 4
136.9 4
137.0 3
137.1 3
137.2 3
137.3 4
137.4 3
137.5 3
137.6 3
137.7 3
137.8 2
137.9 2
138.0 3
138.1 4
138.2 4
138.3 3
138.4 3
138.5 3
138.6 3
138.7 3
138.8 3
138.9 3
139.0 2
139.1 2
139.2 2
139.3 2
139.4 4
139.5 4
139.6 4
139.7 3
139.8 3
139.9 3
140.0 4
140.1 3
140.2 3
140.3 3
140.4 2
140.5 2
140.6 2
140.7 2
140.8 2
140.9 3
141.0 2
141.1 2
141.2 2
141.3 3
141.4 2
141.5 2
141.6 2
141.7 2
141.8 3
141.9 2
142.0 3
142.1 3
142.2 5
142.3 4
142.4 4
142.5 4
142.6 4
142.7 5
142.8 4
142.9 4
143.0 3
143.1 4
143.2 2
143.3 2
143.4 3
143.5 4
143.6 4
143.7 3
143.8 3
143.9 3
144.0 3
144.1 3
144.2 3
144.3 3
144.4 2
144.5 2
144.6 2
144.7 3
144.8 3
144.9 3
145.0 3
145.1 3
145.2 3
145.3 5
145.4 5
145.5 4
145.6 4
145.7 3
145.8 3
145.9 4
146.0 4
146.1 3
146.2 4
146.3 2
146.4 2
146.5 2
146.6 2
146.7 2
146.8 3
146.9 2
147.0 2
147.1 2
147.2 1
147.3 3
147.4 3
147.5 3
147.6 3
147.7 3
147.8 2
147.9 3
148.0 3
148.1 3
148.2 3
148.3 2
148.4 2
148.5 2
148.6 3
148.7 3
148.8 4
148.9 3
149.0 3
149.1 4
149.2 5
149.3 4
149.4 4
149.5 4
149.6 3
149.7 4
149.8 3
149.9 3
150.0 3
150.1 2
150.2 2
150.3 2
150.4 3
150.5 3
150.6 3
150.7 4
150.8 4
150.9 4
151.0 4
151.1 4
151.2 3
151.3 4
151.4 3
151.5 3
151.6 3
151.7 2
151.8 2
151.9 2
152.0 2
152.1 3
152.2 3
152.3 2
152.4 3
152.5 5
152.6 5
152.7 4
152.8 4
152.9 4
153.0 4
153.1 4
153.2 4
153.3 4
153.4 3
153.5 2
153.6 2
153.7 2
153.8 2
153.9 2
154.0 3
154.1 3
154.2 4
154.3 4
154.4 4
154.5 3
154.6 3
154.7 4
154.8 4
154.9 4
155.0 3
155.1 3
155.2 2
155.3 2
155.4 2
155.5 2
155.6 3
155.7 2
155.8 2
155.9 2
156.0 3
156.1 2
156.2 2
156.3 3
156.4 4
156.5 4
156.6 3
156.7 3
156.8 3
156.9 3
157.0 3
157.1 3
157.2 3
157.3 2
157.4 2
157.5 2
157.6 3
157.7 3
157.8 3
157.9 4
158.0 4
158.1 4
158.2 4
158.3 4
158.4 4
158.5 5
158.6 4
158.7 4
158.8 5
158.9 4
159.0 4
159.1 4
159.2 4
159.3 6
159.4 5
159.5 4
159.6 4
159.7 4
159.8 3
159.9 4
160.0 3
160.1 3
160.2 3
160.3 2
160.4 2
160.5 2
160.6 2
160.7 4
160.8 4
160.9 3
161.0 3
161.1 3
161.2 4
161.3 3
161.4 3
161.5 3
161.6 3
161.7 2
161.8 2
161.9 2
162.0 2
162.1 4
162.2 3
162.3 3
162.4 3
162.5 5
162.6 5
162.7 4
162.8 4
162.9 4
163.0 5
163.1 3
163.2 4
163.3 4
163.4 6
163.5 4
163.6 4
163.7 4
163.8 4
163.9 4
164.0 4
164.1 4
164.2 3
164.3 4
164.4 2
164.5 2
164.6 2
164.7 2
164.8 2
164.9 3
165.0 2
165.1 2
165.2 2
165.3 1
165.4 3
165.5 3
165.6 3
165.7 3
165.8 3
165.9 2
166.0 3
166.1 3
166.2 3
166.3 3
166.4 1
166.5 2
166.6 3
166.7 3
166.8 3
166.9 3
167.0 4
167.1 4
167.2 4
167.3 4
167.4 4
167.5 3
167.6 3
167.7 3
167.8 3
167.9 3
168.0 2
168.1 2
168.2 2
168.3 3
168.4 4
168.5 4
168.6 3
168.7 3
168.8 3
168.9 4
169.0 3
169.1 3
169.2 3
169.3 2
169.4 2
169.5 2
169.6 3
169.7 3
169.8 3
169.9 2
170.0 3
170.1 3
170.2 5
170.3 5
170.4 4
170.5 4
170.6 3
170.7 3
170.8 4
170.9 4
171.0 3
171.1 3
171.2 2
171.3 2
171.4 3
171.5 3
171.6 3
171.7 5
171.8 4
171.9 4
172.0 4
172.1 4
172.2 3
172.3 4
172.4 3
172.5 3
172.6 3
172.7 2
172.8 2
172.9 2
173.0 2
173.1 3
173.2 4
173.3 3
173.4 3
173.5 4
173.6 5
173.7 4
173.8 4
173.9 4
174.0 4
174.1 4
174.2 3
174.3 3
174.4 3
174.5 3
174.6 2
174.7 2
174.8 2
174.9 2
175.0 3
175.1 2
175.2 2
175.3 2
175.4 3
175.5 2
175.6 2
175.7 2
175.8 2
175.9 2
176.0 2
176.1 2
176.2 2
176.3 2
176.4 1
176.5 3
176.6 3
176.7 3
176.8 3
176.9 3
177.0 2
177.1 3
177.2 3
177.3 3
177.4 3
177.5 2
177.6 2
177.7 2
177.8 4
177.9 4
178.0 4
178.1 3
178.2 3
178.3 3
178.4 4
178.5 3
178.6 3
178.7 3
178.8 2
178.9 2
179.0 2
179.1 2
179.2 3
179.3 4
179.4 3
179.5 3
179.6 4
179.7 5
179.8 4
179.9 4
180.0 4
180.1 6
180.2 5
180.3 4
180.4 4
180.5 4
180.6 3
180.7 3
180.8 3
180.9 3
181.0 3
181.1 2
181.2 2
181.3 2
181.4 3
181.5 4
181.6 4
181.7 3
181.8 3
181.9 3
182.0 4
182.1 3
182.2 3
182.3 3
182.4 3
182.5 2
182.6 2
182.7 2
182.8 3
182.9 4
183.0 3
183.1 3
183.2 3
183.3 3
183.4 3
183.5 3
183.6 3
183.7 3
183.8 3
183.9 2
184.0 2
184.1 2
184.2 2
184.3 3
184.4 2
184.5 2
184.6 2
184.7 3
184.8 2
184.9 2
185.0 2
185.1 3
185.2 3
185.3 3
185.4 4
185.5 4
185.6 4
185.7 4
185.8 5
185.9 5
186.0 5
186.1 4
186.2 4
186.3 4
186.4 3
186.5 3
186.6 3
186.7 2
186.8 2
186.9 2
187.0 3
187.1 3
187.2 3
187.3 4
187.4 4
187.5 4
187.6 4
187.7 4
187.8 3
187.9 4
188.0 3
188.1 3
188.2 3
188.3 1
188.4 2
188.5 2
188.6 3
188.7 3
188.8 4
188.9 3
189.0 4
189.1 4
189.2 4
189.3 4
189.4 3
189.5 4
189.6 3
189.7 3
189.8 3
189.9 3
190.0 2
190.1 2
190.2 2
190.3 2
190.4 3
190.5 2
190.6 2
190.7 3
190.8 2
190.9 2
191.0 2
191.1 2
191.2 2
191.3 3
191.4 2
191.5 2
191.6 2
191.7 1
191.8 2
191.9 3
192.0 3
192.1 3
192.2 3
192.3 2
192.4 3
192.5 3
192.6 3
192.7 3
192.8 2
192.9 2
193.0 3
193.1 3
193.2 3
193.3 3
193.4 3
193.5 4
193.6 4
193.7 4
193.8 4
193.9 5
194.0 4
194.1 4
194.2 4
194.3 4
194.4 3
194.5 3
194.6 3
194.7 3
194.8 3
194.9 2
195.0 2
195.1 2
195.2 4
195.3 4
195.4 4
195.5 3
195.6 3
195.7 3
195.8 4
195.9 3
196.0 3
196.1 3
196.2 2
196.3 2
196.4 2
196.5 2
196.6 3
196.7 3
196.8 3
196.9 4
197.0 4
197.1 4
197.2 3
197.3 4
197.4 4
197.5 5
197.6 5
197.7 5
197.8 4
197.9 4
198.0 5
198.1 5
198.2 5
198.3 4
198.4 4
198.5 4
198.6 3
198.7 3
198.8 3
198.9 2
199.0 2
199.1 2
199.2 2
199.3 4
199.4 4
199.5 3
199.6 3
199.7 3
199.8 3
199.9 4
200.0 3
200.1 3
200.2 3
200.3 2
200.4 2
200.5 2
200.6 3
200.7 4
200.8 4
200.9 3
201.0 3
201.1 3
201.2 4
201.3 3
201.4 3
201.5 4
201.6 3
201.7 2
201.8 2
201.9 2
202.0 2
202.1 3
202.2 3
202.3 4
202.4 4
202.5 3
202.6 3
202.7 3
202.8 4
202.9 4
203.0 4
203.1 3
203.2 2
203.3 2
203.4 2
203.5 3
203.6 3
203.7 3
203.8 4
203.9 4
204.0 4
204.1 4
204.2 4
204.3 3
204.4 4
204.5 3
204.6 3
204.7 3
204.8 2
204.9 2
205.0 2
205.1 2
205.2 2
205.3 3
205.4 2
205.5 2
205.6 2
205.7 3
205.8 2
205.9 2
206.0 2
206.1 2
206.2 3
206.3 2
206.4 3
206.5 3
206.6 3
206.7 2
206.8 2
206.9 3
207.0 4
207.1 4
207.2 3
207.3 3
207.4 2
207.5 3
207.6 4
207.7 5
207.8 5
207.9 4
208.0 3
208.1 3
208.2 4
208.3 6
208.4 6
208.5 5
208.6 4
208.7 3
208.8 3
208.9 4
209.0 4
209.1 4
209.2 3
209.3 2
209.4 2
209.5 2
209.6 2
209.7 2
209.8 3
209.9 2
210.0 2
210.1 2
210.2 2
210.3 1
210.4 3
210.5 3
210.6 3
210.7 3
210.8 2
210.9 2
211.0 3
211.1 3
211.2 3
211.3 3
211.4 2
211.5 2
211.6 3
211.7 3
211.8 4
211.9 4
212.0 3
212.1 4
212.2 5
212.3 5
212.4 4
212.5 4
212.6 3
212.7 3
212.8 3
212.9 3
213.0 3
213.1 2
213.2 2
213.3 2
213.4 3
213.5 3
213.6 3
213.7 3
213.8 3
213.9 3
214.0 3
214.1 4
214.2 3
214.3 3
214.4 2
214.5 2
214.6 3
214.7 4
214.8 3
214.9 3
215.0 3
215.1 2
215.2 3
215.3 3
215.4 3
215.5 3
215.6 3
215.7 2
215.8 2
215.9 2
216.0 2
216.1 2
216.2 2
216.3 2
216.4 2
216.5 2
216.6 2
216.7 3
216.8 3
216.9 3
217.0 3
217.1 3
217.2 2
217.3 3
217.4 3
217.5 3
217.6 2
217.7 2
217.8 2
217.9 3
218.0 3
218.1 3
218.2 4
218.3 4
218.4 4
218.5 4
218.6 4
218.7 3
218.8 4
218.9 3
219.0 3
219.1 3
219.2 2
219.3 2
219.4 2
219.5 3
219.6 3
219.7 3
219.8 3
219.9 4
220.0 4
220.1 4
220.2 4
220.3 3
220.4 4
220.5 3
220.6 3
220.7 3
220.8 2
220.9 2
221.0 3
221.1 3
221.2 3
221.3 3
221.4 2
221.5 3
221.6 3
221.7 3
221.8 4
221.9 3
222.0 2
222.1 2
222.2 2
222.3 4
222.4 4
222.5 3
222.6 3
222.7 3
222.8 2
222.9 3
223.0 3
223.1 3
223.2 3
223.3 2
223.4 2
223.5 2
223.6 3
223.7 3
223.8 4
223.9 3
224.0 3
224.1 3
224.2 5
224.3 4
224.4 4
224.5 5
224.6 5
224.7 5
224.8 4
224.9 4
225.0 4
225.1 4
225.2 3
225.3 3
225.4 3
225.5 2
225.6 2
225.7 2
225.8 3
225.9 3
226.0 3
226.1 4
226.2 4
226.3 4
226.4 4
226.5 4
226.6 3
226.7 3
226.8 3
226.9 3
227.0 3
227.1 2
227.2 2
227.3 2
227.4 3
227.5 3
227.6 3
227.7 3
227.8 4
227.9 4
228.0 4
228.1 4
228.2 4
228.3 5
228.4 4
228.5 4
228.6 5
228.7 6
228.8 4
228.9 4
229.0 4
229.1 4
229.2 3
229.3 3
229.4 3
229.5 3
229.6 2
229.7 2
229.8 2
229.9 2
230.0 4
230.1 4
230.2 4
230.3 3
230.4 3
230.5 3
230.6 4
230.7 3
230.8 3
230.9 3
231.0 1
231.1 2
231.2 3
231.3 3
231.4 3
231.5 3
231.6 4
231.7 4
231.8 4
231.9 4
232.0 4
232.1 3
232.2 3
232.3 3
232.4 3
232.5 3
232.6 2
232.7 2
232.8 3
232.9 3
233.0 3
233.1 3
233.2 4
233.3 4
233.4 4
233.5 4
233.6 3
233.7 3
233.8 3
233.9 3
234.0 3
234.1 3
234.2 2
234.3 2
234.4 3
234.5 3
234.6 3
234.7 4
234.8 4
234.9 4
235.0 4
235.1 4
235.2 3
235.3 3
235.4 3
235.5 3
235.6 3
235.7 2
235.8 2
235.9 2
236.0 3
236.1 3
236.2 3
236.3 3
236.4 4
236.5 4
236.6 4
236.7 4
236.8 3
236.9 4
237.0 3
237.1 3
237.2 3
237.3 3
237.4 2
237.5 2
237.6 3
237.7 3
237.8 3
237.9 4
238.0 4
238.1 4
238.2 4
238.3 4
238.4 3
238.5 4
238.6 3
238.7 3
238.8 3
238.9 1
239.0 2
239.1 2
239.2 3
239.3 3
239.4 3
239.5 4
239.6 4
239.7 4
239.8 4
239.9 4
240.0 3
240.1 4
240.2 3
240.3 3
240.4 3
240.5 2
240.6 2
240.7 2
240.8 2
240.9 2
241.0 3
241.1 2
241.2 2
241.3 3
241.4 3
241.5 2
241.6 2
241.7 2
241.8 2
241.9 3
242.0 2
242.1 2
242.2 2
242.3 1
242.4 3
242.5 3
242.6 3
242.7 3
242.8 3
242.9 2
243.0 3
243.1 3
243.2 3
243.3 3
243.4 2
243.5 2
243.6 2
243.7 3
243.8 4
243.9 4
244.0 3
244.1 3
244.2 3
244.3 3
244.4 3
244.5 3
244.6 3
244.7 2
244.8 2
244.9 2
245.0 3
245.1 3
245.2 3
245.3 3
245.4 3
245.5 3
245.6 5
245.7 5
245.8 4
245.9 4
246.0 3
246.1 3
246.2 4
246.3 4
246.4 3
246.5 3
246.6 2
246.7 2
246.8 2
246.9 2
247.0 4
247.1 4
247.2 3
247.3 3
247.4 3
247.5 4
247.6 3
247.7 3
247.8 3
247.9 3
248.0 2
248.1 2
248.2 3
248.3 3
248.4 4
248.5 3
248.6 3
248.7 3
248.8 4
248.9 4
249.0 5
249.1 5
249.2 4
249.3 4
249.4 3
249.5 3
249.6 4
249.7 4
249.8 3
249.9 4
250.0 2
250.1 2
250.2 2
250.3 2
250.4 2
250.5 3
250.6 2
250.7 2
250.8 2
250.9 2
251.0 2
251.1 2
251.2 3
251.3 4
251.4 4
251.5 3
251.6 3
251.7 3
251.8 4
251.9 3
252.0 3
252.1 3
252.2 2
252.3 2
252.4 2
252.5 3
252.6 3
252.7 4
252.8 3
252.9 3
253.0 3
253.1 3
253.2 4
253.3 3
253.4 3
253.5 3
253.6 3
253.7 2
253.8 2
253.9 2
254.0 2
254.1 3
254.2 2
254.3 2
254.4 2
254.5 1
254.6 3
254.7 3
254.8 3
254.9 3
255.0 3
255.1 2
255.2 3
255.3 3
255.4 3
255.5 3
255.6 2
255.7 2
255.8 2
255.9 3
256.0 4
256.1 4
256.2 3
256.3 3
256.4 3
256.5 3
256.6 3
256.7 3
256.8 3
256.9 2
257.0 2
257.1 2
257.2 2
257.3 3
257.4 4
257.5 4
257.6 3
257.7 3
257.8 3
257.9 4
258.0 3
258.1 3
258.2 3
258.3 2
258.4 2
258.5 2
258.6 3
258.7 3
258.8 4
258.9 3
259.0 4
259.1 4
259.2 4
259.3 5
259.4 4
259.5 5
259.6 4
259.7 4
259.8 4
259.9 5
260.0 4
260.1 4
260.2 4
260.3 3
260.4 4
260.5 3
260.6 3
260.7 3
260.8 2
260.9 2
261.0 3
261.1 3
261.2 3
261.3 3
261.4 2
261.5 3
261.6 3
261.7 5
261.8 5
261.9 4
262.0 3
262.1 3
262.2 4
262.3 4
262.4 4
262.5 3
262.6 3
262.7 2
262.8 2
262.9 3
263.0 3
263.1 4
263.2 3
263.3 4
263.4 4
263.5 4
263.6 4
263.7 3
263.8 4
263.9 3
264.0 3
264.1 3
264.2 3
264.3 2
264.4 2
264.5 2
264.6 2
264.7 3
264.8 2
264.9 2
265.0 3
265.1 2
265.2 2
265.3 2
265.4 2
265.5 2
265.6 3
265.7 2
265.8 2
265.9 2
266.0 1
266.1 2
266.2 3
266.3 3
266.4 3
266.5 3
266.6 2
266.7 3
266.8 3
266.9 3
267.0 4
267.1 3
267.2 2
267.3 2
267.4 2
267.5 3
267.6 4
267.7 3
267.8 4
267.9 4
268.0 3
268.1 3
268.2 3
268.3 4
268.4 4
268.5 3
268.6 2
268.7 3
268.8 2
268.9 2
269.0 2
269.1 2
269.2 3
269.3 2
269.4 2
269.5 3
269.6 3
269.7 2
269.8 2
269.9 2
270.0 2
270.1 3
270.2 2
270.3 2
270.4 2
270.5 1
270.6 3
270.7 3
270.8 3
270.9 3
271.0 3
271.1 2
271.2 3
271.3 3
271.4 3
271.5 3
271.6 2
271.7 2
271.8 2
271.9 2
272.0 4
272.1 4
272.2 3
272.3 3
272.4 3
272.5 3
272.6 3
272.7 3
272.8 3
272.9 3
273.0 2
273.1 2
273.2 2
273.3 2
273.4 3
273.5 3
273.6 2
273.7 2
273.8 3
273.9 3
274.0 2
274.1 2
274.2 2
274.3 3
274.4 2
274.5 4
274.6 4
274.7 4
274.8 3
274.9 3
275.0 4
275.1 4
275.2 4
275.3 4
275.4 4
275.5 2
275.6 2
275.7 2
275.8 2
275.9 3
276.0 2
276.1 4
276.2 4
276.3 3
276.4 3
276.5 3
276.6 4
276.7 4
276.8 4
276.9 3
277.0 4
277.1 2
277.2 2
277.3 2
277.4 2
277.5 3
277.6 2
277.7 2
277.8 2
277.9 3
278.0 2
278.1 2
278.2 2
278.3 2
278.4 2
278.5 2
278.6 2
278.7 2
278.8 2
278.9 1
279.0 3
279.1 3
279.2 3
279.3 3
279.4 3
279.5 2
279.6 3
279.7 3
279.8 3
279.9 3
280.0 2
280.1 2
280.2 2
280.3 4
280.4 4
280.5 4
280.6 3
280.7 3
280.8 3
280.9 4
281.0 3
281.1 3
281.2 3
281.3 2
281.4 2
281.5 2
281.6 2
281.7 2
281.8 3
281.9 2
282.0 2
282.1 2
282.2 3
282.3 2
282.4 2
282.5 2
282.6 2
282.7 3
282.8 2
282.9 2
283.0 3
283.1 3
283.2 2
283.3 2
283.4 2
283.5 2
283.6 3
283.7 2
283.8 2
283.9 2
284.0 1
284.1 2
284.2 3
284.3 3
284.4 3
284.5 3
284.6 2
284.7 3
284.8 3
284.9 3
285.0 3
285.1 2
285.2 2
285.3 2
285.4 2
285.5 4
285.6 4
285.7 3
285.8 3
285.9 3
286.0 3
286.1 4
286.2 3
286.3 3
286.4 3
286.5 2
286.6 2
286.7 2
286.8 3
286.9 4
287.0 4
287.1 3
287.2 3
287.3 3
287.4 3
287.5 3
287.6 3
287.7 3
287.8 2
287.9 2
288.0 3
288.1 3
288.2 3
288.3 3
288.4 3
288.5 3
288.6 3
288.7 3
288.8 4
288.9 3
289.0 2
289.1 2
289.2 2
289.3 2
289.4 3
289.5 3
289.6 3
289.7 4
289.8 3
289.9 3
290.0 5
290.1 5
290.2 5
290.3 5
290.4 4
290.5 3
290.6 4
290.7 3
290.8 3
290.9 3
291.0 1
291.1 2
291.2 3
291.3 3
291.4 3
291.5 3
291.6 4
291.7 4
291.8 4
291.9 4
292.0 4
292.1 3
292.2 3
292.3 3
292.4 3
292.5 3
292.6 2
292.7 2
292.8 2
292.9 2
293.0 2
293.1 3
293.2 2
293.3 2
293.4 2
293.5 3
293.6 2
293.7 2
293.8 2
293.9 3
294.0 3
294.1 2
294.2 3
294.3 3
294.4 3
294.5 3
294.6 3
294.7 3
294.8 3
294.9 2
295.0 2
295.1 3
295.2 2
295.3 2
295.4 2
295.5 1
295.6 2
295.7 3
295.8 3
295.9 3
296.0 3
296.1 2
296.2 3
296.3 3
296.4 3
296.5 3
296.6 2
296.7 2
296.8 2
296.9 3
297.0 3
297.1 4
297.2 3
297.3 3
297.4 3
297.5 4
297.6 5
297.7 5
297.8 5
297.9 4
298.0 4
298.1 3
298.2 4
298.3 4
298.4 4
298.5 4
298.6 3
298.7 2
298.8 2
298.9 3
299.0 3
299.1 3
299.2 3
299.3 4
299.4 4
299.5 3
299.6 3
299.7 3
299.8 4
299.9 3
300.0 3
300.1 3
300.2 3
300.3 2
300.4 2
300.5 2
300.6 2
300.7 3
300.8 2
300.9 2
301.0 2
301.1 3
301.2 2
301.3 2
301.4 2
301.5 2
301.6 2
301.7 2
301.8 2
301.9 2
302.0 2
302.1 1
302.2 3
302.3 3
302.4 3
302.5 3
302.6 3
302.7 2
302.8 3
302.9 3
303.0 3
303.1 3
303.2 2
303.3 2
303.4 2
303.5 3
303.6 4
303.7 4
303.8 3
303.9 3
304.0 5
304.1 5
304.2 4
304.3 4
304.4 4
304.5 3
304.6 3
304.7 3
304.8 3
304.9 3
305.0 2
305.1 2
305.2 2
305.3 2
305.4 3
305.5 4
305.6 3
305.7 4
305.8 4
305.9 4
306.0 3
306.1 5
306.2 5
306.3 5
306.4 4
306.5 4
306.6 5
306.7 4
306.8 4
306.9 4
307.0 6
307.1 4
307.2 4
307.3 4
307.4 4
307.5 4
307.6 3
307.7 3
307.8 3
307.9 3
308.0 2
308.1 2
308.2 3
308.3 3
308.4 4
308.5 3
308.6 3
308.7 3
308.8 5
308.9 5
309.0 4
309.1 4
309.2 3
309.3 4
309.4 3
309.5 3
309.6 3
309.7 4
309.8 2
309.9 2
310.0 2
310.1 2
310.2 3
310.3 2
310.4 3
310.5 4
310.6 4
310.7 4
310.8 4
310.9 5
311.0 5
311.1 5
311.2 4
311.3 5
311.4 5
311.5 4
311.6 5
311.7 4
311.8 4
311.9 3
312.0 4
312.1 4
312.2 4
312.3 4
312.4 3
312.5 4
312.6 5
312.7 5
312.8 5
312.9 5
313.0 4
313.1 4
313.2 5
313.3 4
313.4 4
313.5 4
313.6 2
313.7 2
313.8 2
313.9 2
314.0 2
314.1 3
314.2 2
314.3 2
314.4 2
314.5 1
314.6 2
314.7 3
314.8 3
314.9 3
315.0 3
315.1 2
315.2 3
315.3 3
315.4 4
315.5 4
315.6 3
315.7 3
315.8 3
315.9 3
316.0 3
316.1 3
316.2 2
316.3 3
316.4 3
316.5 4
316.6 4
316.7 3
316.8 3
316.9 3
317.0 4
317.1 4
317.2 4
317.3 4
317.4 3
317.5 2
317.6 2
317.7 2
317.8 2
317.9 3
318.0 2
318.1 4
318.2 4
318.3 3
318.4 3
318.5 3
318.6 4
318.7 4
318.8 4
318.9 3
319.0 3
319.1 2
319.2 2
319.3 3
319.4 3
319.5 4
319.6 3
319.7 3
319.8 3
319.9 5
320.0 5
320.1 4
320.2 4
320.3 4
320.4 5
320.5 4
320.6 4
320.7 4
320.8 5
320.9 3
321.0 5
321.1 5
321.2 5
321.3 4
321.4 3
321.5 3
321.6 4
321.7 4
321.8 3
321.9 3
322.0 2
322.1 2
322.2 3
322.3 3
322.4 3
322.5 4
322.6 4
322.7 4
322.8 4
322.9 4
323.0 3
323.1 3
323.2 3
323.3 3
323.4 3
323.5 2
323.6 2
323.7 2
323.8 3
323.9 3
324.0 3
324.1 3
324.2 3
324.3 4
324.4 4
324.5 4
324.6 5
324.7 5
324.8 4
324.9 4
325.0 4
325.1 4
325.2 4
325.3 3
325.4 3
325.5 3
325.6 2
325.7 2
325.8 2
325.9 2
326.0 2
326.1 3
326.2 2
326.3 3
326.4 3
326.5 3
326.6 2
326.7 3
326.8 3
326.9 3
327.0 3
327.1 2
327.2 3
327.3 2
327.4 2
327.5 2
327.6 3
327.7 2
327.8 2
327.9 2
328.0 2
328.1 3
328.2 2
328.3 2
328.4 2
328.5 2
328.6 2
328.7 3
328.8 3
328.9 3
329.0 3
329.1 2
329.2 2
329.3 3
329.4 3
329.5 3
329.6 2
329.7 2
329.8 2
329.9 3
330.0 3
330.1 3
330.2 3
330.3 3
330.4 3
330.5 3
330.6 4
330.7 4
330.8 5
330.9 4
331.0 4
331.1 4
331.2 6
331.3 5
331.4 5
331.5 5
331.6 4
331.7 4
331.8 3
331.9 3
332.0 3
332.1 4
332.2 2
332.3 2
332.4 2
332.5 2
332.6 2
332.7 2
332.8 2
332.9 2
333.0 2
333.1 1
333.2 3
333.3 3
333.4 3
333.5 3
333.6 3
333.7 2
333.8 3
333.9 3
334.0 3
334.1 3
334.2 2
334.3 2
334.4 2
334.5 3
334.6 4
334.7 4
334.8 3
334.9 3
335.0 3
335.1 4
335.2 3
335.3 3
335.4 3
335.5 2
335.6 2
335.7 3
335.8 3
335.9 3
336.0 3
336.1 2
336.2 3
336.3 3
336.4 3
336.5 4
336.6 3
336.7 2
336.8 2
336.9 2
337.0 2
337.1 3
337.2 2
337.3 4
337.4 4
337.5 3
337.6 3
337.7 3
337.8 4
337.9 4
338.0 4
338.1 3
338.2 3
338.3 2
338.4 2
338.5 3
338.6 3
338.7 3
338.8 4
338.9 4
339.0 4
339.1 4
339.2 4
339.3 3
339.4 4
339.5 3
339.6 3
339.7 3
339.8 1
339.9 2
340.0 2
340.1 3
340.2 4
340.3 4
340.4 3
340.5 3
340.6 3
340.7 4
340.8 4
340.9 3
341.0 3
341.1 3
341.2 2
341.3 2
341.4 2
341.5 2
341.6 3
341.7 2
341.8 2
341.9 3
342.0 3
342.1 2
342.2 2
342.3 2
342.4 2
342.5 3
342.6 2
342.7 4
342.8 4
342.9 3
343.0 3
343.1 3
343.2 4
343.3 4
343.4 4
343.5 3
343.6 4
343.7 2
343.8 2
343.9 2
344.0 2
344.1 3
344.2 2
344.3 2
344.4 2
344.5 3
344.6 2
344.7 2
344.8 2
344.9 2
345.0 2
345.1 2
345.2 2
345.3 2
345.4 2
345.5 1
345.6 3
345.7 3
345.8 3
345.9 3
346.0 3
346.1 2
346.2 3
346.3 3
346.4 3
346.5 3
346.6 2
346.7 2
346.8 2
346.9 4
347.0 4
347.1 4
347.2 3
347.3 3
347.4 3
347.5 4
347.6 3
347.7 3
347.8 3
347.9 1
348.0 2
348.1 2
348.2 3
348.3 3
348.4 4
348.5 3
348.6 4
348.7 4
348.8 4
348.9 4
349.0 5
349.1 5
349.2 4
349.3 4
349.4 3
349.5 4
349.6 3
349.7 3
349.8 4
349.9 4
350.0 2
350.1 2
350.2 2
350.3 2
350.4 3
350.5 3
350.6 3
350.7 4
350.8 3
350.9 4
351.0 4
351.1 5
351.2 5
351.3 5
351.4 4
351.5 3
351.6 4
351.7 3
351.8 3
351.9 3
352.0 3
352.1 2
352.2 2
352.3 2
352.4 2
352.5 3
352.6 2
352.7 2
352.8 2
352.9 1
353.0 2
353.1 3
353.2 3
353.3 3
353.4 3
353.5 2
353.6 3
353.7 3
353.8 3
353.9 3
354.0 2
354.1 2
354.2 2
354.3 3
354.4 3
354.5 4
354.6 3
354.7 3
354.8 4
354.9 5
355.0 5
355.1 4
355.2 4
355.3 5
355.4 5
355.5 4
355.6 4
355.7 4
355.8 3
355.9 3
356.0 3
356.1 3
356.2 3
356.3 1
356.4 2
356.5 3
356.6 3
356.7 3
356.8 3
356.9 4
357.0 4
357.1 4
357.2 4
357.3 4
357.4 3
357.5 3
357.6 3
357.7 3
357.8 3
357.9 2
358.0 2
358.1 3
358.2 3
358.3 3
358.4 3
358.5 4
358.6 4
358.7 4
358.8 4
358.9 3
359.0 3
359.1 3
359.2 3
359.3 3
359.4 3
359.5 2
359.6 2
359.7 2
359.8 2
359.9 3
360.0 5
360.1 4
360.2 4
360.3 4
360.4 4
360.5 3
360.6 4
360.7 4
360.8 4
360.9 4
361.0 2
361.1 2
361.2 2
361.3 2
361.4 2
361.5 3
361.6 2
361.7 2
361.8 2
361.9 2
362.0 2
362.1 2
362.2 2
362.3 2
362.4 2
362.5 2
362.6 2
362.7 2
362.8 2
362.9 2
363.0 3
363.1 3
363.2 3
363.3 3
363.4 3
363.5 2
363.6 3
363.7 3
363.8 3
363.9 2
364.0 2
364.1 2
364.2 2
364.3 3
364.4 4
364.5 4
364.6 3
364.7 3
364.8 3
364.9 4
365.0 3
365.1 3
365.2 3
365.3 2
365.4 2
365.5 3
365.6 3
365.7 3
365.8 3
365.9 2
366.0 3
366.1 3
366.2 3
366.3 4
366.4 3
366.5 2
366.6 2
366.7 3
366.8 3
366.9 4
367.0 3
367.1 3
367.2 3
367.3 4
367.4 4
367.5 4
367.6 4
367.7 3
367.8 3
367.9 3
368.0 3
368.1 3
368.2 3
368.3 2
368.4 2
368.5 3
368.6 3
368.7 4
368.8 4
368.9 3
369.0 3
369.1 3
369.2 4
369.3 3
369.4 3
369.5 3
369.6 3
369.7 2
369.8 2
369.9 2
370.0 2
370.1 3
370.2 2
370.3 2
370.4 3
370.5 2
370.6 2
370.7 2
370.8 2
370.9 2
371.0 3
371.1 2
371.2 2
371.3 2
371.4 1
371.5 3
371.6 3
371.7 3
371.8 3
371.9 3
372.0 2
372.1 3
372.2 3
372.3 3
372.4 3
372.5 1
372.6 2
372.7 2
372.8 3
372.9 3
373.0 3
373.1 4
373.2 4
373.3 4
373.4 4
373.5 4
373.6 3
373.7 4
373.8 3
373.9 3
374.0 3
374.1 1
374.2 2
374.3 3
374.4 3
374.5 3
374.6 3
374.7 2
374.8 3
374.9 3
375.0 3
375.1 4
375.2 3
375.3 2
375.4 2
375.5 2
375.6 2
375.7 3
375.8 4
375.9 4
376.0 4
376.1 3
376.2 3
376.3 3
376.4 4
376.5 4
376.6 4
376.7 3
376.8 2
376.9 2
377.0 2
377.1 2
377.2 2
377.3 3
377.4 2
377.5 2
377.6 2
377.7 2
377.8 2
377.9 3
378.0 3
378.1 3
378.2 3
378.3 2
378.4 3
378.5 3
378.6 3
378.7 3
378.8 2
378.9 2
379.0 2
379.1 2
379.2 4
379.3 4
379.4 3
379.5 3
379.6 3
379.7 3
379.8 4
379.9 3
380.0 3
380.1 3
380.2 2
380.3 2
380.4 2
380.5 2
380.6 2
380.7 3
380.8 2
380.9 2
381.0 3
381.1 3
381.2 2
381.3 2
381.4 2
381.5 2
381.6 3
381.7 2
381.8 2
381.9 2
382.0 1
382.1 2
382.2 3
382.3 3
382.4 3
382.5 3
382.6 2
382.7 3
382.8 3
382.9 3
383.0 4
383.1 3
383.2 2
383.3 2
383.4 2
383.5 2
383.6 3
383.7 2
383.8 2
383.9 3
384.0 2
384.1 2
384.2 2
384.3 2
384.4 4
384.5 4
384.6 3
384.7 3
384.8 3
384.9 2
385.0 3
385.1 3
385.2 3
385.3 3
385.4 2
385.5 2
385.6 2
385.7 4
385.8 4
385.9 4
386.0 3
386.1 3
386.2 3
386.3 4
386.4 3
386.5 3
386.6 3
386.7 2
386.8 2
386.9 2
387.0 2
387.1 2
387.2 3
387.3 2
387.4 2
387.5 3
387.6 3
387.7 2
387.8 2
387.9 2
388.0 2
388.1 3
388.2 2
388.3 2
388.4 2
388.5 1
388.6 2
388.7 3
388.8 3
388.9 3
389.0 3
389.1 2
389.2 3
389.3 3
389.4 3
389.5 3
389.6 2
389.7 2
389.8 2
389.9 2
390.0 4
390.1 4
390.2 3
390.3 3
390.4 3
390.5 3
390.6 4
390.7 3
390.8 3
390.9 3
391.0 2
391.1 2
391.2 3
391.3 3
391.4 3
391.5 3
391.6 4
391.7 4
391.8 4
391.9 4
392.0 3
392.1 3
392.2 3
392.3 3
392.4 3
392.5 4
392.6 2
392.7 2
392.8 2
392.9 2
393.0 2
393.1 3
393.2 2
393.3 2
393.4 2
393.5 1
393.6 3
393.7 3
393.8 3
393.9 3
394.0 3
394.1 2
394.2 3
394.3 3
394.4 3
394.5 3
394.6 2
394.7 2
394.8 2
394.9 3
395.0 3
395.1 4
395.2 3
395.3 3
395.4 4
395.5 5
395.6 4
395.7 4
395.8 4
395.9 3
396.0 4
396.1 3
396.2 3
396.3 3
396.4 3
396.5 2
396.6 2
396.7 3
396.8 3
396.9 4
397.0 3
397.1 3
397.2 5
397.3 5
397.4 4
397.5 4
397.6 4
397.7 3
397.8 4
397.9 3
398.0 3
398.1 3
398.2 2
398.3 2
398.4 2
398.5 2
398.6 2
398.7 3
398.8 2
398.9 2
399.0 2
399.1 3
399.2 2
399.3 2
399.4 2
399.5 2
399.6 3
399.7 2
399.8 2
399.9 3
400.0 3
400.1 2
400.2 2
400.3 2
400.4 2
400.5 3
400.6 2
400.7 2
400.8 2
400.9 1
401.0 2
401.1 3
401.2 3
401.3 3
401.4 3
401.5 2
401.6 3
401.7 3
401.8 3
401.9 3
402.0 2
402.1 2
402.2 2
402.3 3
402.4 3
402.5 3
402.6 2
402.7 4
402.8 4
402.9 4
403.0 5
403.1 5
403.2 5
403.3 4
403.4 4
403.5 4
403.6 4
403.7 3
403.8 3
403.9 3
404.0 3
404.1 2
404.2 2
404.3 2
404.4 2
404.5 2
404.6 3
404.7 2
404.8 2
404.9 2
405.0 2
405.1 2
405.2 3
405.3 3
405.4 3
405.5 4
405.6 4
405.7 4
405.8 4
405.9 4
406.0 3
406.1 4
406.2 3
406.3 3
406.4 3
406.5 3
406.6 2
406.7 2
406.8 2
406.9 2
407.0 3
407.1 2
407.2 3
407.3 4
407.4 5
407.5 4
407.6 4
407.7 4
407.8 4
407.9 5
408.0 4
408.1 4
408.2 3
408.3 3
408.4 2
408.5 2
408.6 2
408.7 2
408.8 2
408.9 2
409.0 2
409.1 2
409.2 2
409.3 1
409.4 3
409.5 3
409.6 3
409.7 3
409.8 3
409.9 2
410.0 3
410.1 3
410.2 3
410.3 3
410.4 2
410.5 2
410.6 2
410.7 3
410.8 3
410.9 4
411.0 3
411.1 4
411.2 4
411.3 4
411.4 4
411.5 5
411.6 5
411.7 4
411.8 4
411.9 3
412.0 4
412.1 3
412.2 3
412.3 3
412.4 2
412.5 2
412.6 3
412.7 3
412.8 3
412.9 3
413.0 2
413.1 3
413.2 3
413.3 3
413.4 4
413.5 3
413.6 2
413.7 2
413.8 3
413.9 3
414.0 3
414.1 2
414.2 3
414.3 3
414.4 3
414.5 4
414.6 4
414.7 4
414.8 5
414.9 5
415.0 5
415.1 5
415.2 4
415.3 4
415.4 4
415.5 3
415.6 3
415.7 3
415.8 1
415.9 2
416.0 2
416.1 3
416.2 3
416.3 4
416.4 3
416.5 4
416.6 4
416.7 4
416.8 4
416.9 3
417.0 4
417.1 3
417.2 3
417.3 3
417.4 3
417.5 2
417.6 2
417.7 2
417.8 2
417.9 3
418.0 2
418.1 2
418.2 2
418.3 1
418.4 3
418.5 3
418.6 3
418.7 3
418.8 3
418.9 2
419.0 3
419.1 3
419.2 3
419.3 3
419.4 1
419.5 2
419.6 2
419.7 3
419.8 3
419.9 4
420.0 3
420.1 3
420.2 5
420.3 5
420.4 5
420.5 4
420.6 4
420.7 3
420.8 4
420.9 3
421.0 3
421.1 3
421.2 2
421.3 2
421.4 2
421.5 2
421.6 2
421.7 3
421.8 2
421.9 2
422.0 3
422.1 3
422.2 2
422.3 2
422.4 2
422.5 2
422.6 3
422.7 2
422.8 2
422.9 2
423.0 2
423.1 2
423.2 2
423.3 2
423.4 2
423.5 3
423.6 2
423.7 2
423.8 2
423.9 2
424.0 2
424.1 3
424.2 3
424.3 3
424.4 3
424.5 2
424.6 2
424.7 3
424.8 3
424.9 3
425.0 2
425.1 2
425.2 2
425.3 2
425.4 4
425.5 4
425.6 4
425.7 3
425.8 3
425.9 3
426.0 4
426.1 3
426.2 3
426.3 3
426.4 2
426.5 2
426.6 2
426.7 2
426.8 4
426.9 4
427.0 3
427.1 3
427.2 3
427.3 3
427.4 3
427.5 3
427.6 3
427.7 3
427.8 2
427.9 2
428.0 2
428.1 3
428.2 4
428.3 4
428.4 3
428.5 3
428.6 3
428.7 4
428.8 3
428.9 3
429.0 3
429.1 2
429.2 2
429.3 2
429.4 3
429.5 3
429.6 3
429.7 4
429.8 4
429.9 4
430.0 4
430.1 4
430.2 3
430.3 4
430.4 3
430.5 3
430.6 3
430.7 2
430.8 2
430.9 2
431.0 2
431.1 2
431.2 3
431.3 2
431.4 2
431.5 3
431.6 3
431.7 2
431.8 2
431.9 2
432.0 2
432.1 3
432.2 2
432.3 2
432.4 2
432.5 1
432.6 3
432.7 3
432.8 3
432.9 3
433.0 3
433.1 2
433.2 3
433.3 3
433.4 3
433.5 3
433.6 2
433.7 2
433.8 2
433.9 3
434.0 4
434.1 4
434.2 3
434.3 3
434.4 3
434.5 3
434.6 3
434.7 3
434.8 3
434.9 2
435.0 2
435.1 2
435.2 2
435.3 4
435.4 4
435.5 4
435.6 3
435.7 3
435.8 3
435.9 4
436.0 3
436.1 3
436.2 3
436.3 2
436.4 2
436.5 2
436.6 2
436.7 2
436.8 3
436.9 2
437.0 3
437.1 5
437.2 5
437.3 4
437.4 4
437.5 4
437.6 4
437.7 5
437.8 4
437.9 4
438.0 3
438.1 2
438.2 2
438.3 2
438.4 2
438.5 2
438.6 3
438.7 4
438.8 4
438.9 4
439.0 4
439.1 3
439.2 3
439.3 4
439.4 4
439.5 4
439.6 4
439.7 2
439.8 2
439.9 2
440.0 2
440.1 2
440.2 3
440.3 2
440.4 2
440.5 2
440.6 1
440.7 2
440.8 3
440.9 3
441.0 3
441.1 3
441.2 2
441.3 3
441.4 3
441.5 3
441.6 3
441.7 2
441.8 2
441.9 2
442.0 2
442.1 4
442.2 4
442.3 3
442.4 3
442.5 3
442.6 3
442.7 4
442.8 3
442.9 3
443.0 3
443.1 2
443.2 2
443.3 2
443.4 2
443.5 2
443.6 3
443.7 2
443.8 2
443.9 3
444.0 3
444.1 2
444.2 2
444.3 2
444.4 2
444.5 3
444.6 2
444.7 2
444.8 2
444.9 1
445.0 3
445.1 3
445.2 3
445.3 3
445.4 3
445.5 2
445.6 3
445.7 3
445.8 3
445.9 3
446.0 2
446.1 2
446.2 2
446.3 3
446.4 4
446.5 4
446.6 3
446.7 3
446.8 3
446.9 3
447.0 3
447.1 3
447.2 3
447.3 2
447.4 2
447.5 2
447.6 3
447.7 3
447.8 3
447.9 3
448.0 2
448.1 3
448.2 3
448.3 4
448.4 3
448.5 3
448.6 3
448.7 3
448.8 3
448.9 3
449.0 3
449.1 2
449.2 3
449.3 2
449.4 2
449.5 3
449.6 2
449.7 2
449.8 2
449.9 2
450.0 4
450.1 4
450.2 3
450.3 3
450.4 3
450.5 2
450.6 3
450.7 3
450.8 3
450.9 3
451.0 2
451.1 2
451.2 2
451.3 4
451.4 4
451.5 4
451.6 3
451.7 3
451.8 3
451.9 4
452.0 3
452.1 3
452.2 3
452.3 2
452.4 2
452.5 2
452.6 2
452.7 2
452.8 3
452.9 4
453.0 4
453.1 4
453.2 4
453.3 3
453.4 3
453.5 4
453.6 4
453.7 4
453.8 4
453.9 2
454.0 2
454.1 2
454.2 2
454.3 3
454.4 3
454.5 4
454.6 4
454.7 4
454.8 3
454.9 3
455.0 3
455.1 4
455.2 4
455.3 3
455.4 3
455.5 2
455.6 2
455.7 2
455.8 2
455.9 4
456.0 4
456.1 3
456.2 3
456.3 3
456.4 4
456.5 3
456.6 4
456.7 4
456.8 5
456.9 4
457.0 5
457.1 5
457.2 5
457.3 5
457.4 4
457.5 4
457.6 4
457.7 4
457.8 3
457.9 2
458.0 2
458.1 2
458.2 2
458.3 2
458.4 3
458.5 4
458.6 4
458.7 4
458.8 4
458.9 4
459.0 3
459.1 3
459.2 4
459.3 4
459.4 3
459.5 2
459.6 2
459.7 2
459.8 3
459.9 3
460.0 3
460.1 4
460.2 4
460.3 4
460.4 4
460.5 4
460.6 3
460.7 3
460.8 3
460.9 3
461.0 3
461.1 2
461.2 2
461.3 2
461.4 2
461.5 4
461.6 4
461.7 4
461.8 3
461.9 3
462.0 3
462.1 4
462.2 3
462.3 3
462.4 3
462.5 1
462.6 2
462.7 2
462.8 3
462.9 3
463.0 4
463.1 3
463.2 4
463.3 4
463.4 4
463.5 5
463.6 5
463.7 5
463.8 4
463.9 4
464.0 3
464.1 4
464.2 3
464.3 3
464.4 3
464.5 2
464.6 2
464.7 2
464.8 2
464.9 3
465.0 4
465.1 3
465.2 3
465.3 3
465.4 3
465.5 4
465.6 3
465.7 3
465.8 4
465.9 3
466.0 2
466.1 2
466.2 2
466.3 2
466.4 3
466.5 2
466.6 2
466.7 2
466.8 2
466.9 2
467.0 2
467.1 2
467.2 2
467.3 3
467.4 2
467.5 2
467.6 3
467.7 3
467.8 2
467.9 2
468.0 2
468.1 4
468.2 4
468.3 3
468.4 3
468.5 4
468.6 4
468.7 4
468.8 4
468.9 4
469.0 5
469.1 4
469.2 5
469.3 5
469.4 5
469.5 4
469.6 3
469.7 3
469.8 4
469.9 4
470.0 3
470.1 2
470.2 1
470.3 2
470.4 3
470.5 3
470.6 3
470.7 3
470.8 2
470.9 3
471.0 3
471.1 3
471.2 4
471.3 3
471.4 2
471.5 2
471.6 2
471.7 2
471.8 3
471.9 2
472.0 2
472.1 3
472.2 2
472.3 2
472.4 2
472.5 2
472.6 2
472.7 3
472.8 2
472.9 2
473.0 3
473.1 2
473.2 2
473.3 2
473.4 2
473.5 2
473.6 3
473.7 2
473.8 3
473.9 3
474.0 2
474.1 3
474.2 3
474.3 3
474.4 3
474.5 3
474.6 2
474.7 3
474.8 2
474.9 2
475.0 3
475.1 2
475.2 2
475.3 2
475.4 2
475.5 4
475.6 4
475.7 3
475.8 3
475.9 3
476.0 2
476.1 3
476.2 3
476.3 3
476.4 3
476.5 2
476.6 2
476.7 2
476.8 3
476.9 3
477.0 4
477.1 3
477.2 4
477.3 4
477.4 4
477.5 3
477.6 4
477.7 5
477.8 4
477.9 5
478.0 4
478.1 5
478.2 4
478.3 5
478.4 5
478.5 5
478.6 4
478.7 4
478.8 5
478.9 4
479.0 5
479.1 4
479.2 4
479.3 3
479.4 3
479.5 4
479.6 4
479.7 3
479.8 3
479.9 3
480.0 2
480.1 2
480.2 2
480.3 2
480.4 3
480.5 2
480.6 2
480.7 3
480.8 2
480.9 2
481.0 2
481.1 2
481.2 2
481.3 3
481.4 2
481.5 2
481.6 2
481.7 1
481.8 3
481.9 3
482.0 3
482.1 3
482.2 3
482.3 2
482.4 3
482.5 3
482.6 3
482.7 3
482.8 2
482.9 2
483.0 2
483.1 2
483.2 4
483.3 4
483.4 3
483.5 3
483.6 3
483.7 3
483.8 3
483.9 3
484.0 3
484.1 4
484.2 2
484.3 2
484.4 2
484.5 2
484.6 2
484.7 3
484.8 2
484.9 2
485.0 3
485.1 2
485.2 2
485.3 2
485.4 2
485.5 2
485.6 3
485.7 2
485.8 2
485.9 2
486.0 1
486.1 3
486.2 3
486.3 3
486.4 3
486.5 3
486.6 2
486.7 3
486.8 3
486.9 3
487.0 3
487.1 2
487.2 2
487.3 2
487.4 3
487.5 3
487.6 4
487.7 3
487.8 3
487.9 5
488.0 5
488.1 4
488.2 4
488.3 4
488.4 3
488.5 4
488.6 3
488.7 3
488.8 3
488.9 2
489.0 2
489.1 2
489.2 2
489.3 2
489.4 3
489.5 2
489.6 3
489.7 3
489.8 3
489.9 2
490.0 3
490.1 3
490.2 3
490.3 3
490.4 2
490.5 3
490.6 2
490.7 2
490.8 2
490.9 2
491.0 2
491.1 3
491.2 3
491.3 3
491.4 3
491.5 2
491.6 2
491.7 3
491.8 3
491.9 3
492.0 2
492.1 2
492.2 2
492.3 3
492.4 3
492.5 4
492.6 4
492.7 3
492.8 3
492.9 3
493.0 4
493.1 3
493.2 3
493.3 3
493.4 3
493.5 2
493.6 2
493.7 3
493.8 4
493.9 4
494.0 3
494.1 3
494.2 3
494.3 2
494.4 3
494.5 3
494.6 3
494.7 2
494.8 2
494.9 2
495.0 3
495.1 3
495.2 3
495.3 4
495.4 4
495.5 4
495.6 4
495.7 4
495.8 3
495.9 4
496.0 3
496.1 3
496.2 3
496.3 3
496.4 2
496.5 2
496.6 2
496.7 2
496.8 4
496.9 3
497.0 3
497.1 4
497.2 4
497.3 4
497.4 4
497.5 5
497.6 5
497.7 5
497.8 5
497.9 5
498.0 5
498.1 4
498.2 4
498.3 3
498.4 4
498.5 3
498.6 3
498.7 3
498.8 2
498.9 2
499.0 2
499.1 2
499.2 2
499.3 3
499.4 2
499.5 2
499.6 3
499.7 3
499.8 2
499.9 2
500.0 2
500.1 2
500.2 3
500.3 2
500.4 2
500.5 3
500.6 2
500.7 2
500.8 2
500.9 2
501.0 3
501.1 4
501.2 3
501.3 4
501.4 4
501.5 3
501.6 3
501.7 3
501.8 4
501.9 6
502.0 5
502.1 4
502.2 4
502.3 3
502.4 3
502.5 4
502.6 4
502.7 4
502.8 3
502.9 1
503.0 2
503.1 3
503.2 3
503.3 3
503.4 3
503.5 4
503.6 4
503.7 4
503.8 4
503.9 4
504.0 3
504.1 3
504.2 3
504.3 3
504.4 3
504.5 2
504.6 2
504.7 2
504.8 3
504.9 4
505.0 4
505.1 3
505.2 3
505.3 3
505.4 4
505.5 3
505.6 3
505.7 3
505.8 2
505.9 2
506.0 2
506.1 2
506.2 4
506.3 4
506.4 3
506.5 3
506.6 3
506.7 3
506.8 4
506.9 3
507.0 3
507.1 3
507.2 2
507.3 2
507.4 2
507.5 2
507.6 3
507.7 4
507.8 4
507.9 4
508.0 4
508.1 4
508.2 3
508.3 3
508.4 4
508.5 4
508.6 3
508.7 2
508.8 2
508.9 2
509.0 3
509.1 3
509.2 3
509.3 3
509.4 2
509.5 3
509.6 3
509.7 3
509.8 3
509.9 3
510.0 2
510.1 2
510.2 2
510.3 2
510.4 3
510.5 2
510.6 2
510.7 2
510.8 2
510.9 2
511.0 2
511.1 3
511.2 4
511.3 4
511.4 3
511.5 3
511.6 3
511.7 3
511.8 3
511.9 3
512.0 3
512.1 2
512.2 2
512.3 2
512.4 3
512.5 3
512.6 3
512.7 3
512.8 3
512.9 3
513.0 3
513.1 4
513.2 3
513.3 3
513.4 2
513.5 3
513.6 3
513.7 3
513.8 3
513.9 3
514.0 4
514.1 3
514.2 4
514.3 4
514.4 4
514.5 3
514.6 4
514.7 5
514.8 5
514.9 5
515.0 4
515.1 4
515.2 3
515.3 3
515.4 4
515.5 4
515.6 3
515.7 2
515.8 2
515.9 2
516.0 2
516.1 3
516.2 4
516.3 4
516.4 3
516.5 3
516.6 4
516.7 5
516.8 4
516.9 4
517.0 4
517.1 4
517.2 3
517.3 5
517.4 5
517.5 5
517.6 4
517.7 3
517.8 4
517.9 4
518.0 4
518.1 3
518.2 4
518.3 2
518.4 2
518.5 2
518.6 2
518.7 3
518.8 2
518.9 2
519.0 2
519.1 3
519.2 2
519.3 2
519.4 2
519.5 2
519.6 2
519.7 2
519.8 2
519.9 2
520.0 2
520.1 1
520.2 3
520.3 3
520.4 3
520.5 3
520.6 3
520.7 2
520.8 3
520.9 3
521.0 3
521.1 3
521.2 2
521.3 2
521.4 2
521.5 3
521.6 4
521.7 4
521.8 3
521.9 3
522.0 4
522.1 5
522.2 4
522.3 4
522.4 4
522.5 3
522.6 3
522.7 3
522.8 3
522.9 4
523.0 3
523.1 2
523.2 2
523.3 2
523.4 2
523.5 3
523.6 2
523.7 3
523.8 3
523.9 2
524.0 3
524.1 3
524.2 3
524.3 3
524.4 3
524.5 4
524.6 4
524.7 3
524.8 3
524.9 3
525.0 2
525.1 3
525.2 3
525.3 3
525.4 3
525.5 2
525.6 2
525.7 2
525.8 3
525.9 3
526.0 4
526.1 3
526.2 3
526.3 5
526.4 5
526.5 4
526.6 4
526.7 4
526.8 3
526.9 4
527.0 3
527.1 3
527.2 3
527.3 2
527.4 2
527.5 2
527.6 2
527.7 2
527.8 3
527.9 2
528.0 2
528.1 3
528.2 3
528.3 2
528.4 2
528.5 2
528.6 3
528.7 3
528.8 4
528.9 4
529.0 4
529.1 3
529.2 3
529.3 3
529.4 4
529.5 4
529.6 3
529.7 3
529.8 2
529.9 2
530.0 3
530.1 3
530.2 4
530.3 4
530.4 3
530.5 3
530.6 5
530.7 5
530.8 4
530.9 4
531.0 3
531.1 3
531.2 3
531.3 3
531.4 3
531.5 3
531.6 2
531.7 2
531.8 3
531.9 3
532.0 3
532.1 3
532.2 4
532.3 4
532.4 4
532.5 4
532.6 3
532.7 3
532.8 3
532.9 3
533.0 3
533.1 3
533.2 2
533.3 2
533.4 2
533.5 4
533.6 4
533.7 4
533.8 3
533.9 3
534.0 3
534.1 4
534.2 3
534.3 3
534.4 3
534.5 1
534.6 2
534.7 2
534.8 3
534.9 3
535.0 4
535.1 3
535.2 4
535.3 4
535.4 4
535.5 4
535.6 5
535.7 5
535.8 4
535.9 4
536.0 3
536.1 3
536.2 3
536.3 3
536.4 3
536.5 3
536.6 2
536.7 2
536.8 3
536.9 3
537.0 3
537.1 3
537.2 4
537.3 4
537.4 4
537.5 4
537.6 3
537.7 4
537.8 3
537.9 3
538.0 3
538.1 3
538.2 2
538.3 2
538.4 2
538.5 4
538.6 4
538.7 3
538.8 3
538.9 3
539.0 3
539.1 4
539.2 3
539.3 3
539.4 3
539.5 2
539.6 2
539.7 2
539.8 2
539.9 2
540.0 3
540.1 2
540.2 2
540.3 3
540.4 3
540.5 2
540.6 2
540.7 2
540.8 2
540.9 3
541.0 2
541.1 2
541.2 2
541.3 1
541.4 3
541.5 3
541.6 3
541.7 3
541.8 3
541.9 2
542.0 3
542.1 3
542.2 3
542.3 3
542.4 1
542.5 2
542.6 2
542.7 3
542.8 3
542.9 4
543.0 3
543.1 3
543.2 5
543.3 5
543.4 5
543.5 4
543.6 4
543.7 3
543.8 4
543.9 3
544.0 3
544.1 3
544.2 2
544.3 2
544.4 2
544.5 2
544.6 2
544.7 3
544.8 2
544.9 2
545.0 3
545.1 3
545.2 2
545.3 2
545.4 2
545.5 2
545.6 3
545.7 2
545.8 2
545.9 2
546.0 1
546.1 2
546.2 3
546.3 3
546.4 3
546.5 3
546.6 2
546.7 2
546.8 3
546.9 3
547.0 3
547.1 2
547.2 2
547.3 3
547.4 3
547.5 3
547.6 3
547.7 3
547.8 3
547.9 3
548.0 3
548.1 4
548.2 3
548.3 2
548.4 3
548.5 3
548.6 3
548.7 3
548.8 2
548.9 2
549.0 3
549.1 2
549.2 2
549.3 2
549.4 1
549.5 3
549.6 3
549.7 3
549.8 3
549.9 3
550.0 2
550.1 3
550.2 3
550.3 3
550.4 3
550.5 1
550.6 2
550.7 2
550.8 3
550.9 4
551.0 4
551.1 3
551.2 3
551.3 3
551.4 3
551.5 4
551.6 3
551.7 3
551.8 2
551.9 2
552.0 2
552.1 2
552.2 3
552.3 4
552.4 4
552.5 3
552.6 3
552.7 3
552.8 4
552.9 3
553.0 3
553.1 3
553.2 2
553.3 2
553.4 2
553.5 3
553.6 3
553.7 3
553.8 2
553.9 4
554.0 4
554.1 4
554.2 4
554.3 4
554.4 5
554.5 4
554.6 4
554.7 4
554.8 6
554.9 4
555.0 4
555.1 4
555.2 4
555.3 4
555.4 3
555.5 4
555.6 6
555.7 6
555.8 4
555.9 4
556.0 4
556.1 4
556.2 5
556.3 4
556.4 4
556.5 4
556.6 2
556.7 2
556.8 2
556.9 2
557.0 2
557.1 3
557.2 2
557.3 2
557.4 2
557.5 1
557.6 2
557.7 3
557.8 3
557.9 3
558.0 3
558.1 2
558.2 2
558.3 3
558.4 3
558.5 3
558.6 2
558.7 2
558.8 2
558.9 2
559.0 4
559.1 4
559.2 4
559.3 3
559.4 3
559.5 3
559.6 4
559.7 3
559.8 3
559.9 3
560.0 2
560.1 2
560.2 2
560.3 2
560.4 4
560.5 4
560.6 3
560.7 3
560.8 3
560.9 3
561.0 3
561.1 3
561.2 3
561.3 3
561.4 2
561.5 2
561.6 2
561.7 3
561.8 4
561.9 4
562.0 3
562.1 3
562.2 3
562.3 4
562.4 3
562.5 3
562.6 3
562.7 2
562.8 2
562.9 2
563.0 3
563.1 3
563.2 3
563.3 3
563.4 4
563.5 4
563.6 4
563.7 4
563.8 3
563.9 4
564.0 3
564.1 3
564.2 3
564.3 3
564.4 2
564.5 2
564.6 2
564.7 4
564.8 4
564.9 3
565.0 3
565.1 3
565.2 3
565.3 3
565.4 3
565.5 3
565.6 3
565.7 2
565.8 2
565.9 3
566.0 3
566.1 3
566.2 3
566.3 4
566.4 4
566.5 4
566.6 4
566.7 3
566.8 4
566.9 3
567.0 3
567.1 3
567.2 3
567.3 2
567.4 2
567.5 3
567.6 3
567.7 3
567.8 3
567.9 4
568.0 4
568.1 4
568.2 4
568.3 3
568.4 4
568.5 3
568.6 3
568.7 3
568.8 2
568.9 2
569.0 3
569.1 3
569.2 3
569.3 3
569.4 2
569.5 3
569.6 3
569.7 5
569.8 5
569.9 4
570.0 3
570.1 3
570.2 4
570.3 4
570.4 4
570.5 3
570.6 4
570.7 2
570.8 2
570.9 2
571.0 2
571.1 3
571.2 2
571.3 2
571.4 2
571.5 3
571.6 2
571.7 2
571.8 2
571.9 3
572.0 4
572.1 3
572.2 3
572.3 3
572.4 4
572.5 3
572.6 4
572.7 5
572.8 5
572.9 4
573.0 3
573.1 5
573.2 5
573.3 5
573.4 4
573.5 6
573.6 5
573.7 4
573.8 4
573.9 4
574.0 4
574.1 3
574.2 3
574.3 3
574.4 3
574.5 2
574.6 2
574.7 2
574.8 2
574.9 2
575.0 3
575.1 2
575.2 2
575.3 3
575.4 3
575.5 2
575.6 2
575.7 2
575.8 2
575.9 3
576.0 2
576.1 2
576.2 2
576.3 1
576.4 3
576.5 3
576.6 3
576.7 3
576.8 3
576.9 2
577.0 3
577.1 3
577.2 3
577.3 3
577.4 1
577.5 2
577.6 2
577.7 3
577.8 3
577.9 3
578.0 4
578.1 4
578.2 4
578.3 4
578.4 4
578.5 3
578.6 4
578.7 3
578.8 3
578.9 3
579.0 2
579.1 2
579.2 2
579.3 2
579.4 3
579.5 3
579.6 3
579.7 4
579.8 4
579.9 4
580.0 5
580.1 5
580.2 5
580.3 5
580.4 4
580.5 4
580.6 4
580.7 3
580.8 3
580.9 3
581.0 1
581.1 2
581.2 2
581.3 2
581.4 4
581.5 4
581.6 3
581.7 3
581.8 3
581.9 3
582.0 4
582.1 3
582.2 3
582.3 3
582.4 2
582.5 2
582.6 2
582.7 3
582.8 3
582.9 4
583.0 3
583.1 3
583.2 5
583.3 5
583.4 4
583.5 4
583.6 4
583.7 3
583.8 4
583.9 3
584.0 3
584.1 3
584.2 2
584.3 2
584.4 2
584.5 2
584.6 2
584.7 3
584.8 2
584.9 2
585.0 2
585.1 3
585.2 2
585.3 2
585.4 2
585.5 2
585.6 3
585.7 2
585.8 2
585.9 2
586.0 3
586.1 2
586.2 2
586.3 2
586.4 3
586.5 3
586.6 4
586.7 4
586.8 4
586.9 4
587.0 3
587.1 4
587.2 4
587.3 4
587.4 3
587.5 4
587.6 2
587.7 2
587.8 2
587.9 2
588.0 2
588.1 2
588.2 2
588.3 2
588.4 2
588.5 2
588.6 2
588.7 3
588.8 3
588.9 3
589.0 4
589.1 4
589.2 4
589.3 4
589.4 4
589.5 3
589.6 4
589.7 3
589.8 4
589.9 4
590.0 5
590.1 4
590.2 4
590.3 4
590.4 4
590.5 4
590.6 4
590.7 4
590.8 3
590.9 3
591.0 2
591.1 2
591.2 3
591.3 3
591.4 3
591.5 3
591.6 4
591.7 4
591.8 4
591.9 4
592.0 3
592.1 3
592.2 3
592.3 3
592.4 3
592.5 3
592.6 2
592.7 2
592.8 3
592.9 3
593.0 4
593.1 4
593.2 3
593.3 4
593.4 4
593.5 5
593.6 4
593.7 4
593.8 5
593.9 5
594.0 4
594.1 4
594.2 4
594.3 3
594.4 4
594.5 3
594.6 3
594.7 3
594.8 1
594.9 2
595.0 3
595.1 3
595.2 3
595.3 3
595.4 4
595.5 4
595.6 4
595.7 4
595.8 4
595.9 3
596.0 3
596.1 3
596.2 3
596.3 3
596.4 2
596.5 2
596.6 2
596.7 3
596.8 4
596.9 4
597.0 3
597.1 3
597.2 3
597.3 4
597.4 4
597.5 5
597.6 5
597.7 4
597.8 3
597.9 3
598.0 4
598.1 4
598.2 4
598.3 3
598.4 2
598.5 2
598.6 3
598.7 3
598.8 3
598.9 3
599.0 2
599.1 3
599.2 3
599.3 3
599.4 3
599.5 3
599.6 2
599.7 2
599.8 2
599.9 2
600.0 2
600.1 2
600.2 2
600.3 2
600.4 2
600.5 2
600.6 2
600.7 3
600.8 3
600.9 3
601.0 3
601.1 3
601.2 4
601.3 5
601.4 5
601.5 4
601.6 4
601.7 3
601.8 3
601.9 4
602.0 4
602.1 3
602.2 2
602.3 2
602.4 2
602.5 2
602.6 2
602.7 3
602.8 4
602.9 4
603.0 4
603.1 4
603.2 4
603.3 3
603.4 4
603.5 5
603.6 6
603.7 5
603.8 4
603.9 3
604.0 3
604.1 4
604.2 6
604.3 6
604.4 5
604.5 4
604.6 3
604.7 3
604.8 4
604.9 4
605.0 4
605.1 3
605.2 1
605.3 2
605.4 2
605.5 3
605.6 3
605.7 4
605.8 3
605.9 3
606.0 3
606.1 4
606.2 4
606.3 3
606.4 4
606.5 3
606.6 3
606.7 2
606.8 2
606.9 3
607.0 4
607.1 3
607.2 3
607.3 3
607.4 2
607.5 3
607.6 3
607.7 3
607.8 3
607.9 2
608.0 2
608.1 3
608.2 3
608.3 3
608.4 3
608.5 2
608.6 3
608.7 4
608.8 5
608.9 5
609.0 4
609.1 3
609.2 3
609.3 3
609.4 4
609.5 4
609.6 3
609.7 2
609.8 2
609.9 3
610.0 3
610.1 3
610.2 3
610.3 3
610.4 3
610.5 3
610.6 3
610.7 4
610.8 3
610.9 2
611.0 2
611.1 2
611.2 3
611.3 4
611.4 3
611.5 3
611.6 3
611.7 4
611.8 4
611.9 4
612.0 4
612.1 4
612.2 4
612.3 3
612.4 3
612.5 4
612.6 4
612.7 2
612.8 2
612.9 2
613.0 2
613.1 4
613.2 3
613.3 3
613.4 3
613.5 2
613.6 3
613.7 3
613.8 4
613.9 4
614.0 5
614.1 3
614.2 3
614.3 4
614.4 5
614.5 6
614.6 5
614.7 5
614.8 4
614.9 5
615.0 4
615.1 6
615.2 6
615.3 5
615.4 4
615.5 3
615.6 3
615.7 4
615.8 4
615.9 3
616.0 3
616.1 2
616.2 2
616.3 2
616.4 3
616.5 4
616.6 4
616.7 3
616.8 3
616.9 3
617.0 4
617.1 3
617.2 3
617.3 3
617.4 3
617.5 2
617.6 2
617.7 2
617.8 2
617.9 3
618.0 2
618.1 2
618.2 3
618.3 3
618.4 2
618.5 2
618.6 3
618.7 3
618.8 4
618.9 3
619.0 3
619.1 3
619.2 4
619.3 4
619.4 4
619.5 4
619.6 3
619.7 3
619.8 3
619.9 3
620.0 3
620.1 3
620.2 2
620.3 2
620.4 3
620.5 3
620.6 3
620.7 3
620.8 4
620.9 4
621.0 4
621.1 4
621.2 3
621.3 4
621.4 3
621.5 3
621.6 3
621.7 3
621.8 2
621.9 2
622.0 2
622.1 4
622.2 4
622.3 3
622.4 3
622.5 3
622.6 3
622.7 4
622.8 3
622.9 3
623.0 3
623.1 2
623.2 2
623.3 2
623.4 2
623.5 2
623.6 3
623.7 2
623.8 2
623.9 3
624.0 3
624.1 2
624.2 2
624.3 2
624.4 2
624.5 3
624.6 2
624.7 2
624.8 2
624.9 2
625.0 2
625.1 2
625.2 2
625.3 4
625.4 4
625.5 3
625.6 3
625.7 3
625.8 5
625.9 4
626.0 5
626.1 5
626.2 5
626.3 4
626.4 5
626.5 5
626.6 5
626.7 5
626.8 3
626.9 3
627.0 3
627.1 3
627.2 3
627.3 2
627.4 2
627.5 2
627.6 3
627.7 3
627.8 3
627.9 3
628.0 3
628.1 4
628.2 5
628.3 5
628.4 4
628.5 4
628.6 3
628.7 3
628.8 4
628.9 4
629.0 3
629.1 2
629.2 2
629.3 2
629.4 3
629.5 3
629.6 3
629.7 3
629.8 3
629.9 4
630.0 4
630.1 4
630.2 5
630.3 5
630.4 4
630.5 4
630.6 4
630.7 4
630.8 4
630.9 3
631.0 3
631.1 3
631.2 2
631.3 2
631.4 2
631.5 2
631.6 2
631.7 3
631.8 2
631.9 2
632.0 3
632.1 3
632.2 2
632.3 2
632.4 2
632.5 4
632.6 4
632.7 3
632.8 3
632.9 3
633.0 2
633.1 3
633.2 3
633.3 3
633.4 3
633.5 2
633.6 2
633.7 2
633.8 4
633.9 4
634.0 4
634.1 3
634.2 3
634.3 3
634.4 4
634.5 3
634.6 3
634.7 3
634.8 2
634.9 2
635.0 2
635.1 2
635.2 2
635.3 3
635.4 2
635.5 2
635.6 3
635.7 3
635.8 2
635.9 2
636.0 3
636.1 4
636.2 4
636.3 3
636.4 3
636.5 3
636.6 2
636.7 3
636.8 3
636.9 3
637.0 2
637.1 2
637.2 2
637.3 2
637.4 3
637.5 4
637.6 4
637.7 3
637.8 3
637.9 3
638.0 4
638.1 3
638.2 3
638.3 3
638.4 2
638.5 2
638.6 2
638.7 2
638.8 4
638.9 4
639.0 3
639.1 3
639.2 3
639.3 3
639.4 4
639.5 3
639.6 3
639.7 3
639.8 2
639.9 2
640.0 2
640.1 3
640.2 3
640.3 4
640.4 3
640.5 4
640.6 4
640.7 4
640.8 3
640.9 4
641.0 4
641.1 4
641.2 5
641.3 5
641.4 5
641.5 4
641.6 4
641.7 4
641.8 4
641.9 4
642.0 4
642.1 3
642.2 2
642.3 1
642.4 2
642.5 3
642.6 3
642.7 3
642.8 3
642.9 2
643.0 3
643.1 3
643.2 3
643.3 4
643.4 3
643.5 2
643.6 2
643.7 2
643.8 3
643.9 3
644.0 4
644.1 4
644.2 4
644.3 3
644.4 3
644.5 3
644.6 4
644.7 4
644.8 3
644.9 3
645.0 1
645.1 2
645.2 3
645.3 3
645.4 3
645.5 3
645.6 2
645.7 3
645.8 3
645.9 3
646.0 4
646.1 3
646.2 2
646.3 2
646.4 2
646.5 2
646.6 3
646.7 2
646.8 2
646.9 2
647.0 1
647.1 2
647.2 3
647.3 3
647.4 3
647.5 3
647.6 2
647.7 3
647.8 3
647.9 3
648.0 4
648.1 3
648.2 2
648.3 2
648.4 2
648.5 2
648.6 3
648.7 2
648.8 4
648.9 4
649.0 3
649.1 3
649.2 5
649.3 5
649.4 5
649.5 5
649.6 4
649.7 4
649.8 3
649.9 3
650.0 3
650.1 3
650.2 2
650.3 2
650.4 3
650.5 3
650.6 3
650.7 3
650.8 4
650.9 4
651.0 4
651.1 4
651.2 3
651.3 3
651.4 3
651.5 3
651.6 3
651.7 3
651.8 2
651.9 2
652.0 3
652.1 3
652.2 3
652.3 4
652.4 4
652.5 4
652.6 4
652.7 4
652.8 3
652.9 4
653.0 3
653.1 3
653.2 3
653.3 3
653.4 2
653.5 2
653.6 2
653.7 2
653.8 3
653.9 2
654.0 2
654.1 2
654.2 3
654.3 2
654.4 2
654.5 2
654.6 2
654.7 3
654.8 2
654.9 2
655.0 3
655.1 3
655.2 2
655.3 2
655.4 3
655.5 3
655.6 4
655.7 3
655.8 3
655.9 3
656.0 3
656.1 4
656.2 4
656.3 5
656.4 4
656.5 5
656.6 4
656.7 4
656.8 4
656.9 6
657.0 5
657.1 4
657.2 4
657.3 3
657.4 3
657.5 3
657.6 3
657.7 3
657.8 3
657.9 2
658.0 2
658.1 2
658.2 4
658.3 4
658.4 4
658.5 3
658.6 3
658.7 3
658.8 4
658.9 3
659.0 3
659.1 3
659.2 2
659.3 2
659.4 2
659.5 2
659.6 2
659.7 3
659.8 4
659.9 4
660.0 4
660.1 4
660.2 3
660.3 3
660.4 4
660.5 4
660.6 4
660.7 4
660.8 2
660.9 2
661.0 2
661.1 2
661.2 2
661.3 3
661.4 2
661.5 2
661.6 2
661.7 1
661.8 2
661.9 3
662.0 3
662.1 3
662.2 3
662.3 2
662.4 3
662.5 3
662.6 3
662.7 3
662.8 2
662.9 2
663.0 2
663.1 3
663.2 3
663.3 4
663.4 3
663.5 4
663.6 4
663.7 4
663.8 4
663.9 5
664.0 5
664.1 4
664.2 4
664.3 3
664.4 3
664.5 3
664.6 3
664.7 3
664.8 4
664.9 2
665.0 2
665.1 2
665.2 2
