1.1743521
2.539977
3.0732729
4.8618068
5.3115677
5.50733
7.5675615
7.6704144
9.7519013
10.5302162
10.7256221
11.010401
13.6666009
14.2292358
14.4380377
14.7668226
17.3416805
17.6604444
17.7576968
20.1433352
21.2608201
21.757735
22.2584709
22.6725508
23.1894397
25.6281946
25.6880125
26.9273514
27.9203323
28.4047732
29.8966281
30.421806
32.1563789
32.5829108
32.951447
34.7818156
35.0603595
37.0583434
37.5817533
37.64266738
39.5777411
40.831463
41.0510549
41.2634568
43.5615077
44.8545526
45.3419575
45.8272664
46.22786
46.7801792
49.0606271
49.110494
51.2798969
51.9519718
52.1147637
52.5152636
54.7020265
54.7761764
56.9259863
57.5166812
57.6277301
58.4096651
59.9826299
60.8186518
61.6558767
63.0647066
63.5417115
64.7559084
65.6462333
66.0605692
67.7205711
68.092327
70.0320749
70.5321218
70.5941542
72.9647596
74.0370245
74.5092594
74.9722813
75.3421202
76.1993911
77.936567
78.6965569
79.6070308
80.8828437
81.3808056
83.1201535
83.9714184
84.0520353
84.8626206
86.3423761
87.329155
87.9755309
89.7709178
90.3418707
90.3968064
92.8179325
93.7975274
94.2450653
94.6702842
95.0129301
96.59522
97.8943089
97.975162
100.1290617
100.2635956
101.2208275
102.2301584
103.7454813
104.5052332
104.5480557
106.999766
107.7908009
108.1260498
108.4074643
109.2441408
110.9286195
111.7151454
112.5984823
113.9247142
114.4106251
115.986055
116.8986999
116.9291394
118.5526597
119.7406166
119.7493991
121.6075464
122.8133993
122.9825992
123.2419891
125.864174
126.3825989
126.5511938
127.0328047
129.0760526
129.3040055
131.2210634
131.4967403
132.1020752
133.5415161
134.289744
135.4263359
136.0776698
137.7356577
138.2005666
138.5832216
140.3838464
140.6806653
142.6676722
143.1893931
143.2493247
145.2516269
146.5006718
146.7789247
147.0058699
148.2588395
149.4816944
150.5206403
151.2970422
152.4417451
153.279349
153.9306489
155.1025668
156.2862717
156.8250616
158.5670955
159.3970804
159.4729773
160.3560072
161.7242101
162.943212
163.5147359
164.7278298
165.6025007
166.0104826
167.6857425
168.0471394
169.9960043
170.5119412
170.5705409
172.793569
173.9762939
174.4075858
174.8102287
175.1429186
176.9583205
178.3219084
178.3653723
179.2797192
180.5464351
181.916133
182.5214539
182.9891908
184.6003437
185.0364216
186.8868825
187.3050714
187.4946277
189.5827172
189.6733411
191.715497
192.5819919
192.8086078
193.0486847
195.5410166
196.7403415
197.3139764
197.9330583
198.5298162
199.0029861
199.504102
202.1726309
202.4736578
202.5762733
204.9847156
206.0870005
206.5883054
207.0956983
207.5178142
208.0066171
210.584875
210.7734859
211.0407378
213.0949717
213.2182596
215.3207995
215.8352184
215.9077734
217.4795212
218.6766601
218.6895531
221.0796589
221.9200238
222.2697197
222.5656012
223.2234925
225.1631614
225.5940743
227.2071642
227.5877311
228.898545
229.8204659
229.9914434
231.9961977
232.1233746
234.1496275
234.9869824
235.1915883
235.4529132
238.1337271
238.973752
239.4153719
239.8282688
240.1729227
242.2529096
243.6600065
243.9496474
244.1801428
245.2019625
246.5824071
247.878053
248.5048019
249.0906948
250.4432107
251.2612686
252.2601495
253.1613394
254.1761003
254.9714182
256.3034641
256.779782
258.4787049
259.3606798
259.4315197
260.3261746
261.6705525
262.9312524
263.5085243
264.4912602
265.3743181
266.759678
267.5906099
267.6733801
269.9549937
270.1661326
270.5005634
272.4362934
272.6587643
274.6668882
275.0724231
275.174073
277.6516129
278.1504258
278.2799167
279.0327927
280.6763745
281.4029244
282.4560673
283.3085612
284.4228911
285.059591
286.7718019
287.2469498
287.486944
289.4657806
289.6254245
291.7024264
292.2774613
292.3639632
293.4722831
294.6463
295.9904609
296.7502048
296.9275282
298.9459856
299.0667505
301.1183354
301.9237003
302.1221502
302.3968471
305.074125
305.7460999
306.0501408
306.3109575
307.7779206
309.0199475
309.2943956
311.1452583
311.3841932
313.3151991
314.157654
314.3216579
314.6559678
317.0388087
317.1341006
318.0598415
319.1157074
320.6550383
321.3603892
321.4189855
323.870503
324.4526479
324.6313388
325.0266807
327.2699926
327.3216375
329.4122624
330.2775873
330.5253122
330.7598691
332.916092
334.2621369
334.6434348
334.9750627
335.3450786
338.1017265
338.8204314
339.1843693
339.4937718
340.1384071
342.107765
342.5045539
344.1715328
344.5372557
345.6945496
346.5985165
347.2558024
348.4033563
349.6309942
350.1589371
351.76523
352.6599589
352.6983031
354.1353047
355.2742046
355.4178748
357.4409494
357.5581343
359.4788892
360.4298841
360.631852
360.8798099
363.5388288
364.4645837
364.9616886
365.4598135
365.8627387
366.4751843
368.6042542
368.7982181
370.731628
370.9786959
371.7203658
372.9157787
374.2157206
374.7573695
375.8473914
376.7196923
377.6422892
378.5023731
380.052747
380.8573169
380.8859688
383.0963717
384.2432966
384.6605885
385.0433604
385.3782793
387.6742162
389.0505011
389.533356
390.0104899
390.403421
390.9839567
393.1707536
393.2909035
395.3339554
395.6111173
395.9316012
397.8605061
398.078912
400.1014399
400.5479818
400.6207135
403.0711046
404.0461595
404.5023134
404.9401053
405.2888992
406.6279761
407.900433
408.7339809
409.5937698
411.2672087
411.9497366
411.9891271
414.2381334
415.3780383
415.8146762
416.2251741
416.560526
418.2532119
419.5827868
419.5827868
421.8000126
422.8803975
423.2830644
423.6455683
423.9986222
426.6922471
427.788172
428.3994069
429.0767618
429.7634757
430.3720146
430.8253971
431.6057724
433.5211303
434.0615652
435.3998991
435.894515
437.7702959
438.3035038
438.361245
440.7373006
441.7941455
442.2620604
442.7184633
443.0818736
444.036093
445.629678
446.6354219
447.2657298
449.0487947
449.7714726
449.8305659
451.1223814
452.2441493
452.8748292
454.0314791
455.187671
455.7360489
457.5508188
458.2950037
458.3704226
459.3565855
460.6056624
462.0167383
462.6705072
462.9123978
464.859294
465.0367529
467.0963178
467.7393227
467.8517146
468.5583508
470.2483394
470.8798633
472.1698652
472.6768611
474.551187
475.1147089
475.1672019
477.3296417
478.5327766
478.9298455
479.2843124
479.6351103
482.3408462
483.4081611
484.008396
484.6686169
485.3252198
485.8837197
486.2994796
487.9321305
489.2695534
489.313365
491.6064952
491.9133691
492.041919
494.5087699
494.9167078
495.00679497
496.6381866
497.8608785
497.8652843
499.9166993
501.0924842
501.4151371
501.680509
502.4056679
504.2321368
504.7922547
506.1664136
506.6259595
508.5126034
509.2006583
509.2792522
510.3003451
511.522686
512.9477169
513.6354438
513.7985701
515.8588126
515.9592985
517.9569424
518.8617173
519.0854112
519.3228681
521.817052
523.0118369
523.5848718
524.2030637
524.7981206
525.2688766
525.7782484
528.4051563
528.6400602
528.8018181
531.216361
531.4810169
531.6387388
534.0100857
534.2234046
534.5025995
536.5140294
536.6697693
538.7359802
539.1776141
539.2487685
541.6315249
542.7074798
543.1866147
543.6600816
544.04061504
544.7801664
546.6868593
547.2044742
548.6174131
549.060183
550.9440639
551.6634788
551.7533337
552.5932178
554.0451875
555.1048604
555.7027093
557.4978582
558.2301591
558.295476
559.4538239
560.5892068
561.7773177
562.5585526
563.0728205
564.5418964
565.1251763
566.7307172
567.1617011
567.923663
569.0178659
570.4736748
571.0419547
571.4494388
573.1855225
573.5210524
575.4821213
575.9824582
576.0434525
578.340306
579.4796009
579.9409358
580.3878547
580.7444045
581.7664328
583.2635414
584.4322303
585.0392642
586.2226551
587.088598
587.5978369
589.0595918
589.6411157
591.2563746
591.6878455
592.4063544
593.5664273
594.8832992
595.4195151
596.480411
597.3553129
598.4161278
599.2406167
600.2655386
601.1014205
602.2926364
603.1239323
603.5975712
605.1447421
605.62299
607.4260779
607.8470528
608.0963892
610.0749556
610.2382465
612.3119924
612.8554713
612.9306716
614.3308791
615.480832
615.7549882
617.6140428
617.8482357
619.8010016
620.6202165
620.7832034
621.1269083
623.4752212
623.5472981
624.797411
625.7863809
626.2176538
627.8259817
628.2324826
630.1386055
630.6007904
630.6892661
633.1725002
633.7335451
633.904369
634.3414139
636.4657538
636.5945857
638.6467296
638.9659655
639.1677104
641.2797043
641.3625572
643.3938841
644.284579
644.5180179
644.7529718
647.1212337
648.4000386
648.9281835
649.4761564
649.9638373
650.3490522
652.4068761
653.830838
654.0884499
654.2984643
655.8170227
657.0531216
657.1715457
659.2321074
659.3403093
661.0560072
662.0843721
662.179606
662.7570691
664.5955298
665.0138677
666.7511366
667.1277865
667.7819984
669.0772503
670.0947212
670.7377871
672.512756
673.0371709
673.1278122
675.5522707
675.9558526
676.04173711
677.8257924
679.0823403
679.1630782
679.7574011
681.55185
682.0031549
683.7032648
684.0927847
684.8040666
685.9904835
687.2599314
687.7942043
689.0996332
689.9925381
690.1661102
692.1706489
692.2982668
694.3318487
695.1573536
695.3589835
695.6258024
698.3098483
699.0765032
699.4611001
699.795424
700.2777239
702.6419328
702.6844267
704.3890066
705.4571975
705.5425144
706.1751109
707.9286722
708.4373601
710.028663
710.4348559
711.5218658
712.4173447
713.3861996
714.2249605
715.6400024
716.4795053
716.5373944
718.9332961
719.366302
719.4554619
720.9738618
722.1627767
722.2197913
724.4937755
724.7451294
724.9704863
727.0695902
727.1587831
729.25641
730.0282149
730.2261658
730.5084627
733.1753196
733.7794745
734.0242344
734.2940653
736.9041392
738.0047641
738.587599
739.2211229
739.8358878
740.3317007
740.7819166
743.6092235
744.5025584
745.0273433
745.5667462
746.0215381
746.451387
749.2642229
750.1258078
750.6222027
751.1168756
751.5129569
752.1945614
754.1950953
754.5831712
756.2443751
756.606395
757.8612179
758.7776558
759.0828802
760.9238226
761.1745595
763.1628664
763.8961513
764.0306112
764.5199651
766.506455
766.7899829
768.6559358
768.9625367
769.5710606
770.9886915
771.7674044
772.8316593
773.6047202
774.9613721
775.430812
777.0661799
777.9722748
778.0213167
779.2142956
780.3283095
781.3564514
782.1508713
783.3305472
784.1674411
784.68171
786.1385039
786.7314418
788.3193377
788.7516066
789.5771755
790.5928014
792.1691383
792.8047722
792.8976604
795.231543
795.4853989
795.6828078
797.8727677
797.9465286
799.6349935
800.6842124
800.7617423
801.46915
803.1008521
803.782834
804.9708189
805.5780128
807.3093167
807.7764746
808.0091418
809.9997784
810.1501883
812.2337712
812.8207461
812.913625
813.9065999
815.1720488
816.5699887
817.2211186
817.49042796
819.4066644
819.6092243
821.6521002
822.2926951
822.398922
823.16331669
824.7562428
825.5480867
826.4700266
827.6458695
828.1956214
830.0488943
830.6378442
830.6882741
832.736409
833.9702139
834.2873098
834.5461477
835.3047836
837.0797585
837.7068164
838.9337333
839.5164292
841.2788231
841.746228
841.9350474
844.0041978
844.1022737
846.1649876
846.9891325
847.2025534
847.4570793
850.1094072
851.0855721
851.613687
852.1607789
852.6317918
853.0341307
855.6582766
856.9070915
857.5549964
858.2873213
859.0729362
859.8541311
860.574344
861.1657099
861.5985608
863.2193077
864.5589856
864.6219009
866.8333854
867.0210813
867.5111225
869.2324941
869.628938
871.4907699
871.8844468
872.1176402
874.1270636
874.2667875
876.3586644
876.9358453
877.0266152
878.0671931
879.288481
880.7055999
881.4060888
881.5609271
883.6368236
883.7321995
885.6710434
886.6289683
886.8430062
887.0804531
889.646183
890.7618279
891.3345328
891.9523877
892.5424446
893.0046565
893.5525614
895.9938273
896.0463102
897.3839171
898.397142
898.58693671
900.5558418
900.7065757
902.7306316
903.5386265
903.7268894
904.0169163
906.6398412
907.1039501
907.237088
908.02151643
909.6214588
910.4309657
911.3097746
912.6117115
913.1011624
914.7898053
915.6711802
915.7376321
916.688374
917.9597709
919.3419488
919.9659857
920.3388577
922.1218495
922.4214194
924.4099943
924.9810272
925.0477885
926.557683
927.7335219
927.7895768
930.0715937
930.3337026
930.5330325
932.7052384
932.7780773
934.5783082
935.6128731
935.760985
936.0930929
938.4164578
938.4820487
939.8822706
940.9027425
940.980486
943.2145823
943.3925572
