30.8149 55.9528
55.9528 37.6194
37.6194 27.2336
27.2336 24.3651
24.3651 0.0
0.0 32.2408
32.2408 41.3922
41.3922 27.3914
27.3914 23.7221
23.7221 50.8128
50.8128 33.2353
33.2353 25.7518
25.7518 23.0144
23.0144 37.3142
37.3142 30.7118
30.7118 25.0302
25.0302 21.2299
21.2299 28.5554
28.5554 34.7509
34.7509 26.3492
26.3492 34.8762
34.8762 26.4765
26.4765 33.1048
33.1048 26.5745
26.5745 37.4368
37.4368 27.0782
27.0782 25.9559
25.9559 41.3344
41.3344 28.2995
28.2995 23.5834
23.5834 35.6328
35.6328 26.5432
26.5432 29.4468
29.4468 31.269
31.269 28.7295
28.7295 34.6642
34.6642 26.2639
26.2639 35.4643
35.4643 26.4159
26.4159 31.7957
31.7957 27.3813
27.3813 37.4914
37.4914 27.0566
27.0566 26.1315
26.1315 40.9315
40.9315 27.9904
27.9904 23.5247
23.5247 38.2854
38.2854 27.1983
27.1983 23.9853
23.9853 48.1448
48.1448 30.9918
30.9918 25.2526
25.2526 21.0715
21.0715 28.6004
28.6004 34.6746
34.6746 26.3884
26.3884 35.1478
35.1478 26.3528
26.3528 32.7672
32.7672 26.7041
26.7041 38.1319
38.1319 26.9201
26.9201 25.1393
25.1393 45.2575
45.2575 29.3677
29.3677 24.3448
24.3448 21.7617
21.7617 39.717
39.717 27.1174
27.1174 25.8087
25.8087 41.8033
41.8033 28.6546
28.6546 23.713
23.713 32.3772
32.3772 26.5365
26.5365 37.6254
37.6254 27.0793
27.0793 25.6302
25.6302 42.1814
42.1814 28.8412
28.8412 23.7357
23.7357 30.638
30.638 27.8229
27.8229 36.5884
36.5884 26.7828
26.7828 28.6594
28.6594 33.1691
33.1691 26.7365
26.7365 37.9658
37.9658 27.2772
27.2772 24.9201
24.9201 45.9575
45.9575 30.454
30.454 24.8001
24.8001 34.8699
34.8699 30.0459
30.0459 24.1653
24.1653 21.7649
21.7649 39.6536
39.6536 27.041
27.041 26.2465
26.2465 40.3226
40.3226 28.0656
28.0656 23.4215
23.4215 40.8055
40.8055 28.1746
28.1746 23.5209
23.5209 35.5154
35.5154 26.7474
26.7474 29.0935
29.0935 32.2424
32.2424 27.5201
27.5201 37.0898
37.0898 26.7968
26.7968 27.4777
27.4777 36.4568
36.4568 26.5307
26.5307 29.9243
29.9243 30.2552
30.2552 30.8915
30.8915 29.4772
29.4772 32.6896
32.6896 27.0098
27.0098 38.193
38.193 26.9505
26.9505 25.1163
25.1163 45.1383
45.1383 29.6406
29.6406 24.4249
24.4249 21.7144
21.7144 40.1852
40.1852 27.2247
27.2247 24.5356
24.5356 50.8282
50.8282 31.6192
31.6192 25.8596
25.8596 19.3696
19.3696 26.3986
26.3986 35.9669
35.9669 26.4522
26.4522 30.4348
30.4348 29.3152
29.3152 32.8187
32.8187 26.9475
26.9475 38.184
38.184 27.0595
27.0595 24.9553
24.9553 45.8393
45.8393 30.3866
30.3866 24.7564
24.7564 37.3965
37.3965 30.5245
30.5245 25.1178
25.1178 27.0177
27.0177 27.0304
27.0304 26.8958
26.8958 37.927
37.927 27.132
27.132 25.4679
25.4679 43.0105
43.0105 28.9381
28.9381 23.9631
23.9631 27.2496
27.2496 35.1519
35.1519 26.335
26.335 33.8729
33.8729 26.3675
26.3675 36.1275
36.1275 26.6771
26.6771 29.4812
29.4812 31.2505
31.2505 28.9654
28.9654 33.8465
33.8465 26.4458
26.4458 37.1418
37.1418 26.8527
26.8527 26.8929
26.8929 37.9922
37.9922 27.2189
27.2189 25.2272
25.2272 44.4404
44.4404 29.8819
29.8819 24.1283
24.1283 22.011
22.011 39.5955
39.5955 26.9057
26.9057 27.0384
27.0384 37.6734
37.6734 27.094
27.094 25.8523
25.8523 41.6342
41.6342 28.5639
28.5639 23.7122
23.7122 33.3111
33.3111 26.2984
26.2984 35.7321
35.7321 26.6366
26.6366 30.6758
30.6758 28.9422
28.9422 33.9386
33.9386 26.4396
26.4396 36.7842
36.7842 26.9452
26.9452 27.437
27.437 36.3643
36.3643 26.7591
26.7591 29.5945
29.5945 30.8262
30.8262 29.7952
29.7952 31.7641
31.7641 28.0059
28.0059 36.1084
36.1084 26.657
26.657 30.4739
30.4739 29.265
29.265 32.9005
32.9005 26.8977
26.8977 37.9993
37.9993 27.295
27.295 24.891
24.891 46.8007
46.8007 29.8175
29.8175 24.8552
24.8552 33.045
33.045 28.8701
28.8701 23.9365
23.9365 27.6586
27.6586 33.8613
33.8613 26.4716
26.4716 37.1127
37.1127 26.9158
26.9158 26.8948
26.8948 38.3276
38.3276 27.1095
27.1095 24.8103
24.8103 46.9858
46.9858 31.0648
31.0648 24.9457
24.9457 25.9801
25.9801 26.3785
26.3785 30.9274
30.9274 28.4492
28.4492 35.3063
35.3063 26.2881
26.2881 33.586
33.586 26.4878
26.4878 36.4656
36.4656 26.8132
26.8132 28.3991
28.3991 33.802
33.802 26.4932
26.4932 37.1465
37.1465 26.9782
26.9782 26.7173
26.7173 38.76
38.76 27.4803
27.4803 24.0113
24.0113 48.1553
48.1553 30.9692
30.9692 25.2437
25.2437 21.1902
21.1902 28.429
28.429 35.1306
35.1306 26.4459
26.4459 33.5571
33.5571 26.4572
26.4572 36.7267
36.7267 26.92
26.92 27.594
27.594 35.9365
35.9365 26.5441
26.5441 31.2399
31.2399 27.991
27.991 36.1482
36.1482 26.6746
26.6746 30.2176
30.2176 29.6198
29.6198 32.3377
32.3377 27.3597
27.3597 37.4646
37.4646 26.9993
26.9993 26.3791
26.3791 39.9632
39.9632 27.6929
27.6929 23.4587
23.4587 44.2866
44.2866 30.0638
30.0638 24.2606
24.2606 21.7218
21.7218 39.9486
39.9486 27.0272
27.0272 25.3856
25.3856 44.1079
44.1079 28.8796
28.8796 24.216
24.216 24.0025
24.0025 48.3137
48.3137 30.3203
30.3203 25.0277
25.0277 24.4626
24.4626 26.4396
26.4396 34.867
34.867 26.352
26.352 33.5518
33.5518 26.48
26.48 36.7749
36.7749 26.6374
26.6374 28.1308
28.1308 34.635
34.635 26.3189
26.3189 35.4433
35.4433 26.4923
26.4923 31.6611
31.6611 27.4942
27.4942 37.4351
37.4351 26.8413
26.8413 26.7639
26.7639 38.6727
38.6727 27.0802
27.0802 24.4676
24.4676 50.2847
50.2847 31.8988
31.8988 25.8001
25.8001 18.554
18.554 26.9579
26.9579 37.9147
37.9147 27.0891
27.0891 25.2269
25.2269 44.8511
44.8511 29.3457
29.3457 24.3881
24.3881 21.9226
21.9226 39.5279
39.5279 27.0382
27.0382 26.968
26.968 37.7702
37.7702 26.931
26.931 26.102
26.102 40.6775
40.6775 27.8038
27.8038 23.5075
23.5075 39.9139
39.9139 28.2375
28.2375 23.4259
23.4259 38.7513
38.7513 27.6503
27.6503 23.6186
23.6186 47.3266
47.3266 30.627
30.627 25.0783
25.0783 24.562
24.562 26.276
26.276 35.0648
35.0648 26.5233
26.5233 32.5703
32.5703 26.7554
26.7554 38.2384
38.2384 26.996
26.996 24.9377
24.9377 45.8932
45.8932 30.4089
30.4089 24.7697
24.7697 36.5564
36.5564 30.2575
30.2575 24.4701
24.4701 36.4315
36.4315 30.0913
30.0913 24.4414
24.4414 39.899
39.899 32.1538
32.1538 25.6395
25.6395 12.7055
12.7055 36.0441
36.0441 28.3907
28.3907 35.2896
35.2896 26.4891
26.4891 32.9432
32.9432 26.6765
26.6765 37.7204
37.7204 27.0224
27.0224 25.5314
25.5314 43.1361
43.1361 29.1085
29.1085 24.0389
24.0389 26.1992
26.1992 38.3363
38.3363 27.1058
27.1058 24.8336
24.8336 46.9354
46.9354 31.0008
31.0008 24.739
24.739 27.3511
27.3511 26.8416
26.8416 26.6777
26.6777 38.8806
38.8806 27.1429
27.1429 24.2006
24.2006 48.394
48.394 31.424
31.424 25.4392
25.4392 18.2997
18.2997 35.0462
35.0462 26.4742
26.4742 33.9325
33.9325 26.4433
26.4433 35.6611
35.6611 26.5776
26.5776 31.0019
31.0019 28.3796
28.3796 35.229
35.229 26.4551
26.4551 33.142
33.142 26.572
26.572 37.4099
37.4099 27.0349
27.0349 26.0699
26.0699 40.7239
40.7239 28.2851
28.2851 23.4283
23.4283 38.1868
38.1868 27.5869
27.5869 23.7763
23.7763 48.4197
48.4197 31.5908
31.5908 25.5112
25.5112 17.0776
17.0776 39.1164
39.1164 27.6033
27.6033 23.7429
23.7429 48.5274
48.5274 31.6826
31.6826 25.5503
25.5503 16.2776
16.2776 42.8955
42.8955 29.2367
29.2367 23.8722
23.8722 27.0887
27.0887 35.278
35.278 26.4745
26.4745 33.2959
33.2959 26.439
26.439 37.3293
37.3293 27.0354
27.0354 26.2506
26.2506 40.2717
40.2717 28.0476
28.0476 23.4487
23.4487 40.7902
40.7902 28.4451
28.4451 23.6424
23.6424 34.5143
34.5143 26.3314
26.3314 32.5706
32.5706 26.7815
26.7815 38.1132
38.1132 27.0904
27.0904 24.9652
24.9652 45.802
45.802 30.3694
30.3694 24.7452
24.7452 38.1627
38.1627 31.1278
31.1278 25.2491
25.2491 21.3076
21.3076 28.3062
28.3062 35.6874
35.6874 26.3317
26.3317 32.3628
32.3628 26.916
26.916 37.9916
37.9916 27.1741
27.1741 25.0356
25.0356 45.626
45.626 30.3032
30.3032 24.7001
24.7001 38.8599
38.8599 31.3703
31.3703 25.4246
25.4246 18.523
18.523 34.4612
34.4612 26.3432
26.3432 36.0705
36.0705 26.5642
26.5642 29.8323
29.8323 30.4286
30.4286 30.5122
30.5122 30.3432
30.3432 30.7077
30.7077 29.7961
29.7961 31.7871
31.7871 27.9883
27.9883 36.3625
36.3625 26.4875
26.4875 30.1486
30.1486 29.763
29.763 31.9932
31.9932 27.8363
27.8363 36.5226
36.5226 26.7569
26.7569 28.9597
28.9597 32.5861
32.5861 27.1442
27.1442 37.9735
37.9735 26.8682
26.8682 25.5103
25.5103 43.3444
43.3444 28.881
28.881 23.9453
23.9453 26.6154
26.6154 36.7517
36.7517 26.8106
26.8106 28.4207
28.4207 33.7398
33.7398 26.567
26.567 37.4225
37.4225 26.8902
26.8902 26.2814
26.2814 39.8142
39.8142 27.8156
27.8156 23.5239
23.5239 44.738
44.738 29.2981
29.2981 24.3271
24.3271 21.8199
21.8199 39.6795
39.6795 26.935
26.935 26.5222
26.5222 39.251
39.251 27.7
27.7 23.5828
23.5828 51.5977
51.5977 33.0702
33.0702 26.2306
26.2306 23.1482
23.1482 28.7221
28.7221 27.7958
27.7958 23.5167
23.5167 41.0216
41.0216 28.5156
28.5156 23.6617
23.6617 33.5883
33.5883 26.269
26.269 35.095
35.095 26.5328
26.5328 32.4874
32.4874 26.7898
26.7898 38.1633
38.1633 27.0782
27.0782 24.9384
24.9384 46.5084
46.5084 29.8979
29.8979 24.7936
24.7936 34.7842
34.7842 29.9652
29.9652 24.2169
24.2169 21.8342
21.8342 39.662
39.662 26.8928
26.8928 26.7096
26.7096 38.7681
38.7681 27.2715
27.2715 24.1723
24.1723 49.3307
49.3307 31.4857
31.4857 25.1908
25.1908 15.7644
15.7644 46.9439
46.9439 30.9503
30.9503 24.9183
24.9183 27.0674
27.0674 26.7488
26.7488 27.5265
27.5265 36.1483
36.1483 26.6537
26.6537 30.4858
30.4858 29.2376
29.2376 32.9949
32.9949 26.8561
26.8561 37.9895
37.9895 27.3122
27.3122 24.8252
24.8252 46.1386
46.1386 30.539
30.539 24.8563
24.8563 33.1435
33.1435 28.804
28.804 23.916
23.916 27.5748
27.5748 34.122
34.122 26.411
26.411 36.5355
36.5355 26.7565
26.7565 28.5117
28.5117 33.579
33.579 26.5058
26.5058 37.696
37.696 27.1527
27.1527 25.4263
25.4263 43.1185
43.1185 29.1387
29.1387 24.05
24.05 26.1372
26.1372 38.4539
38.4539 27.2708
27.2708 24.4978
24.4978 51.6794
51.6794 33.7553
33.7553 25.903
25.903 23.0088
23.0088 27.8622
27.8622 27.7459
27.7459 23.5701
23.5701 45.8227
45.8227 30.5059
30.5059 24.6823
24.6823 33.4061
33.4061 29.1789
29.1789 24.0758
24.0758 25.6735
25.6735 39.9578
39.9578 27.8455
27.8455 23.5055
23.5055 43.5752
43.5752 29.5308
29.5308 24.082
24.082 23.0266
23.0266 42.3653
42.3653 27.8779
27.8779 23.5316
23.5316 38.5867
38.5867 27.8011
27.8011 23.501
23.501 48.7214
48.7214 30.9349
30.9349 25.0329
25.0329 18.8169
18.8169 33.9337
33.9337 26.4482
26.4482 37.1132
37.1132 26.7725
26.7725 27.1542
27.1542 37.3614
37.3614 26.8999
26.8999 26.8046
26.8046 38.4896
38.4896 27.126
27.126 24.6365
24.6365 48.615
48.615 31.2541
31.2541 25.2008
25.2008 18.437
18.437 35.1128
35.1128 26.3653
26.3653 33.9181
33.9181 26.4155
26.4155 35.9274
35.9274 26.5986
26.5986 30.1963
30.1963 29.7871
29.7871 31.8277
31.8277 27.9327
27.9327 36.5107
36.5107 26.528
26.528 29.7037
29.7037 30.6944
30.6944 29.8785
29.8785 31.6219
31.6219 28.2788
28.2788 35.6704
35.6704 26.4043
26.4043 32.2296
32.2296 26.9881
26.9881 37.9162
37.9162 27.239
27.239 25.0977
25.0977 45.3029
45.3029 29.5236
29.5236 24.3889
24.3889 21.7113
21.7113 40.2733
40.2733 27.1803
27.1803 24.4518
24.4518 51.1026
51.1026 32.5358
32.5358 26.1609
26.1609 25.93
25.93 29.5981
29.5981 24.1178
24.1178 22.7586
22.7586 41.3154
41.3154 27.6864
27.6864 23.5804
23.5804 46.3537
46.3537 30.8604
30.8604 24.8735
24.8735 28.1584
28.1584 27.183
27.183 24.8531
24.8531 46.8003
46.8003 30.9021
30.9021 24.738
24.738 28.2842
28.2842 27.1399
27.1399 24.6961
24.6961 48.1469
48.1469 30.8951
30.8951 25.2235
25.2235 21.3945
21.3945 28.0737
28.0737 35.9553
35.9553 26.6093
26.6093 30.909
30.909 28.4813
28.4813 34.9975
34.9975 26.4783
26.4783 34.0613
34.0613 26.2737
26.2737 35.7522
35.7522 26.6431
26.6431 30.6328
30.6328 29.0138
29.0138 33.7449
33.7449 26.416
26.416 37.3252
37.3252 27.0227
27.0227 26.2799
26.2799 40.2096
40.2096 27.9777
27.9777 23.4468
23.4468 41.4649
41.4649 28.7916
28.7916 23.7123
23.7123 31.0331
31.0331 27.3885
27.3885 37.4778
37.4778 27.0546
27.0546 26.1513
26.1513 40.945
40.945 27.8902
27.8902 23.5358
23.5358 38.438
38.438 27.53
27.53 23.7208
23.7208 51.3437
51.3437 32.9617
32.9617 26.4083
26.4083 22.8868
22.8868 31.0056
31.0056 29.1181
29.1181 23.752
23.752 28.451
28.451 31.7819
31.7819 28.0426
28.0426 36.2106
36.2106 26.4869
26.4869 30.5719
30.5719 29.0538
29.0538 33.6378
33.6378 26.5589
26.5589 37.526
37.526 27.0115
27.0115 25.9275
25.9275 41.1302
41.1302 28.3474
28.3474 23.6267
23.6267 35.7194
35.7194 26.8047
26.8047 28.4757
28.4757 33.613
33.613 26.566
26.566 37.531
37.531 27.0823
27.0823 25.8172
25.8172 41.7774
41.7774 28.5816
28.5816 23.6293
23.6293 32.8625
32.8625 26.4013
26.4013 36.6819
36.6819 26.8645
26.8645 27.914
27.914 34.9342
34.9342 26.4539
26.4539 34.2698
34.2698 26.3882
26.3882 35.1395
35.1395 26.3129
26.3129 33.0365
33.0365 26.5191
26.5191 37.7297
37.7297 27.1943
27.1943 25.3367
25.3367 43.7574
43.7574 29.4192
29.4192 24.095
24.095 23.758
23.758 45.4661
45.4661 29.494
29.494 24.4325
24.4325 21.8087
21.8087 39.5188
39.5188 27.0717
27.0717 26.7309
26.7309 38.3884
38.3884 27.2976
27.2976 24.5183
24.5183 51.4307
51.4307 32.3685
32.3685 26.2318
26.2318 27.332
27.332 29.8757
29.8757 24.4994
24.4994 34.8318
34.8318 29.0758
29.0758 23.9354
23.9354 25.3176
25.3176 41.5185
41.5185 28.4212
28.4212 23.6256
23.6256 34.5903
34.5903 26.3154
26.3154 32.451
32.451 26.8905
26.8905 38.0238
38.0238 27.1423
27.1423 24.9551
24.9551 46.3227
46.3227 30.2756
30.2756 24.4823
24.4823 35.7944
35.7944 30.2267
30.2267 24.6604
24.6604 36.0232
36.0232 30.3198
30.3198 24.343
24.343 32.6263
32.6263 28.1831
28.1831 23.4135
23.4135 39.4862
39.4862 27.8891
27.8891 23.3925
23.3925 42.1621
42.1621 28.6903
28.6903 23.9248
23.9248 28.8177
28.8177 30.8993
30.8993 29.5051
29.5051 32.6102
32.6102 27.1353
27.1353 37.9643
37.9643 27.0079
27.0079 25.3096
25.3096 44.1421
44.1421 29.5936
29.5936 24.1112
24.1112 22.7619
22.7619 41.3247
41.3247 27.6993
27.6993 23.576
23.576 46.3838
46.3838 30.7601
30.7601 24.632
24.632 29.5613
29.5613 27.9032
27.9032 23.4242
23.4242 45.8178
45.8178 30.3981
30.3981 24.5954
24.5954 35.3229
35.3229 29.3466
29.3466 24.3406
24.3406 21.8274
21.8274 39.62
39.62 26.9525
26.9525 26.6112
26.6112 38.981
38.981 27.5324
27.5324 23.8472
23.8472 47.9368
47.9368 31.7734
31.7734 24.8577
24.8577 20.2438
20.2438 30.3409
30.3409 30.4887
30.4887 30.3505
30.3505 30.6548
30.6548 29.9445
29.9445 31.4769
31.4769 28.491
28.491 35.1483
35.1483 26.3079
26.3079 34.0102
34.0102 26.4181
26.4181 35.8412
35.8412 26.4217
26.4217 30.7501
30.7501 28.7989
28.7989 34.32
34.32 26.4362
26.4362 35.7839
35.7839 26.619
26.619 30.5402
30.5402 28.9828
28.9828 33.8121
33.8121 26.5004
26.5004 37.0667
37.0667 27.0551
27.0551 26.777
26.777 38.2359
38.2359 27.2007
27.2007 24.8253
24.8253 47.6572
47.6572 30.2006
30.2006 24.9628
24.9628 26.4397
26.4397 26.7582
26.7582 28.9859
28.9859 32.5152
32.5152 27.1908
27.1908 37.8204
37.8204 26.884
26.884 25.8042
25.8042 42.0973
42.0973 28.3776
28.3776 23.7764
23.7764 32.1717
32.1717 26.5998
26.5998 37.6836
37.6836 27.1633
27.1633 25.4339
25.4339 43.4583
43.4583 29.1968
29.1968 24.0247
24.0247 25.1632
25.1632 42.2237
42.2237 28.8179
28.8179 23.6928
23.6928 30.8328
30.8328 27.5471
27.5471 37.1296
37.1296 26.9963
26.9963 27.0977
27.0977 37.4602
37.4602 26.7196
26.7196 27.1778
27.1778 37.325
37.325 26.8272
26.8272 27.0722
27.0722 37.5803
37.5803 27.0508
27.0508 26.0715
26.0715 40.7473
40.7473 28.2789
28.2789 23.4735
23.4735 37.9758
37.9758 27.4872
27.4872 23.9524
23.9524 48.4811
48.4811 30.7652
30.7652 25.2116
25.2116 21.1485
21.1485 28.441
28.441 35.0798
35.0798 26.4005
26.4005 33.765
33.765 26.3961
26.3961 36.519
36.519 26.5991
26.5991 28.9109
28.9109 32.4209
32.4209 27.2841
27.2841 37.6039
37.6039 27.011
27.011 26.0782
26.0782 40.6907
40.6907 28.2555
28.2555 23.3776
23.3776 38.7836
38.7836 27.5322
27.5322 23.6152
23.6152 48.1009
48.1009 31.2493
31.2493 25.3958
25.3958 18.8473
18.8473 33.367
33.367 26.6231
26.6231 37.9671
37.9671 27.099
27.099 25.1449
25.1449 44.9388
44.9388 30.2304
30.2304 24.2705
24.2705 21.6445
21.6445 40.5844
40.5844 27.5147
27.5147 23.7599
23.7599 50.4578
50.4578 31.2036
31.2036 25.7042
25.7042 17.8988
17.8988 28.7677
28.7677 34.336
34.336 26.413
26.413 35.9696
35.9696 26.7191
26.7191 29.9429
29.9429 30.1129
30.1129 31.0805
31.0805 29.2293
29.2293 33.1869
33.1869 26.6842
26.6842 37.9781
37.9781 27.3076
27.3076 24.8824
24.8824 46.052
46.052 30.5032
30.5032 24.8291
24.8291 33.7678
33.7678 29.2661
29.2661 24.0172
24.0172 24.4928
24.4928 46.4333
46.4333 30.635
30.635 24.7266
24.7266 31.4187
31.4187 28.3518
28.3518 23.6038
23.6038 35.1099
35.1099 26.6757
26.6757 30.2592
30.2592 29.5457
29.5457 32.5264
32.5264 27.1878
27.1878 37.8283
37.8283 27.0118
27.0118 25.5893
25.5893 43.0062
43.0062 28.8441
28.8441 23.9293
23.9293 27.583
27.583 34.0793
34.0793 26.4802
26.4802 36.5274
36.5274 26.8273
26.8273 28.2505
28.2505 34.2036
34.2036 26.4179
26.4179 36.4066
36.4066 26.5391
26.5391 29.2645
29.2645 31.5361
31.5361 28.4172
28.4172 35.3148
35.3148 26.3695
26.3695 33.3486
33.3486 26.4957
26.4957 37.0237
37.0237 26.9157
26.9157 27.0369
27.0369 37.8934
37.8934 26.845
26.845 25.9171
25.9171 41.4011
41.4011 28.4505
28.4505 23.6524
23.6524 34.5414
34.5414 26.4508
26.4508 32.2175
32.2175 27.004
27.004 38.1975
38.1975 26.9554
26.9554 25.0967
25.0967 45.1233
45.1233 29.7948
29.7948 24.4762
24.4762 21.6962
21.6962 40.6877
40.6877 27.3396
27.3396 23.8345
23.8345 48.7137
48.7137 31.6413
31.6413 25.3672
25.3672 16.0819
16.0819 45.2102
45.2102 29.3135
29.3135 24.3317
24.3317 21.826
21.826 39.6404
39.6404 26.945
26.945 26.585
26.585 39.0607
39.0607 27.5769
27.5769 23.7454
23.7454 48.7078
48.7078 31.2638
31.2638 25.189
25.189 18.0551
18.0551 36.0751
36.0751 26.6247
26.6247 30.757
30.757 28.7159
28.7159 34.3921
34.3921 26.4238
26.4238 35.8516
35.8516 26.6356
26.6356 30.3672
30.3672 29.2546
29.2546 33.153
33.153 26.733
26.733 37.9646
37.9646 27.2803
27.2803 24.9196
24.9196 45.9557
45.9557 30.4477
30.4477 24.7956
24.7956 34.9369
34.9369 30.0745
30.0745 24.2832
24.2832 21.7097
21.7097 40.1033
40.1033 27.0332
27.0332 25.032
25.032 45.9115
45.9115 29.7958
29.7958 24.4678
24.4678 34.0875
34.0875 28.9356
28.9356 23.9795
23.9795 28.1402
28.1402 32.6618
32.6618 27.0254
27.0254 37.8471
37.8471 27.1947
27.1947 25.3064
25.3064 44.3828
44.3828 29.0839
29.0839 24.25
24.25 22.9126
22.9126 41.5496
41.5496 27.8883
27.8883 23.5212
23.5212 43.0507
43.0507 29.3807
29.3807 24.2094
24.2094 24.0943
24.0943 49.5185
49.5185 31.847
31.847 25.3653
25.3653 14.0456
14.0456 39.9996
39.9996 27.095
27.095 25.9354
25.9354 41.4025
41.4025 28.3527
28.3527 23.599
23.599 34.9828
34.9828 26.6121
26.6121 30.8249
30.8249 28.6237
28.6237 34.5566
34.5566 26.3275
26.3275 35.5147
35.5147 26.5555
26.5555 31.3354
31.3354 27.8806
27.8806 36.6167
36.6167 26.6145
26.6145 29.1889
29.1889 31.8421
31.8421 28.0324
28.0324 35.9458
35.9458 26.5805
26.5805 31.0271
31.0271 28.344
28.344 35.3459
35.3459 26.5005
26.5005 32.7495
32.7495 26.7085
26.7085 37.8786
37.8786 27.2614
27.2614 25.0212
25.0212 45.5769
45.5769 29.5404
29.5404 24.3894
24.3894 21.6682
21.6682 40.7297
40.7297 27.6838
27.6838 23.6244
23.6244 47.8339
47.8339 30.6015
30.6015 25.1261
25.1261 22.7512
22.7512 26.7747
26.7747 38.1869
38.1869 26.9956
26.9956 24.9975
24.9975 45.8543
45.8543 30.0306
30.0306 24.5662
24.5662 35.6547
35.6547 30.0696
30.0696 24.2735
24.2735 21.717
21.717 40.0181
40.0181 27.0326
27.0326 25.2319
25.2319 44.3974
44.3974 29.8337
29.8337 24.2788
24.2788 21.9853
21.9853 39.551
39.551 26.9191
26.9191 27.0754
27.0754 37.5393
37.5393 27.0391
27.0391 26.2398
26.2398 40.2655
40.2655 28.0414
28.0414 23.5083
23.5083 40.7077
40.7077 28.4519
28.4519 23.6529
23.6529 34.5302
34.5302 26.447
26.447 32.252
32.252 26.9825
26.9825 38.245
38.245 26.9446
26.9446 25.0403
25.0403 45.2386
45.2386 30.0667
30.0667 24.575
24.575 33.2223
33.2223 28.4177
28.4177 23.6327
23.6327 34.7377
34.7377 26.5109
26.5109 31.5534
31.5534 27.6049
27.6049 37.2116
37.2116 26.7408
26.7408 27.4583
27.4583 36.5709
36.5709 26.4879
26.4879 29.7812
29.7812 30.5408
30.5408 30.2088
30.2088 30.8825
30.8825 29.6631
29.6631 32.1157
32.1157 27.5376
27.5376 37.3867
37.3867 26.7676
26.7676 27.0212
27.0212 37.6157
37.6157 27.0031
27.0031 26.2083
26.2083 40.3493
40.3493 27.979
27.979 23.3782
23.3782 41.581
41.581 28.2548
28.2548 23.7775
23.7775 32.2251
32.2251 26.5738
26.5738 37.6445
37.6445 27.1573
27.1573 25.4965
25.4965 42.9468
42.9468 29.0857
29.0857 24.0086
24.0086 26.9034
26.9034 36.1854
36.1854 26.4579
26.4579 30.6913
30.6913 28.8706
28.8706 34.1203
34.1203 26.4324
26.4324 36.4137
36.4137 26.6995
26.6995 28.8622
28.8622 32.5591
32.5591 27.1798
27.1798 37.8226
37.8226 27.1693
27.1693 25.4053
25.4053 43.2413
43.2413 29.2368
29.2368 24.099
24.099 25.4015
25.4015 41.0524
41.0524 28.4444
28.4444 23.4585
23.4585 36.4101
36.4101 26.9658
26.9658 26.6829
26.6829 38.7491
38.7491 27.4335
27.4335 24.0763
24.0763 47.9395
47.9395 31.6479
31.6479 24.9535
24.9535 20.4933
20.4933 29.8168
29.8168 31.7967
31.7967 27.9843
27.9843 36.3517
36.3517 26.5234
26.5234 30.0816
30.0816 29.9717
29.9717 31.6352
31.6352 28.1718
28.1718 35.6323
35.6323 26.5786
26.5786 31.9803
31.9803 27.1631
27.1631 37.872
37.872 27.0578
27.0578 25.4517
25.4517 43.9198
43.9198 28.8946
28.8946 24.1793
24.1793 24.3779
24.3779 48.1405
48.1405 30.9117
30.9117 25.221
25.221 21.5068
21.5068 27.9409
27.9409 36.5383
36.5383 26.488
26.488 29.7398
29.7398 30.6259
30.6259 30.0163
30.0163 31.2899
31.2899 28.8618
28.8618 34.124
34.124 26.4309
26.4309 36.4148
36.4148 26.6904
26.6904 28.882
28.882 32.508
32.508 27.2197
27.2197 37.7483
37.7483 27.1313
27.1313 25.5797
25.5797 42.7566
42.7566 28.7007
28.7007 23.9269
23.9269 28.814
28.814 30.9058
30.9058 29.4958
29.4958 32.6322
32.6322 27.1231
27.1231 37.9921
37.9921 27.0122
27.0122 25.256
25.256 44.2798
44.2798 29.7758
29.7758 24.2771
24.2771 22.1199
22.1199 40.0661
40.0661 26.7634
26.7634 26.2849
26.2849 40.113
40.113 27.9656
27.9656 23.4884
23.4884 41.8758
41.8758 28.7944
28.7944 23.8905
23.8905 29.4289
29.4289 29.7915
29.7915 31.8283
31.8283 27.9256
27.9256 36.5496
36.5496 26.51
26.51 29.6666
29.6666 30.7725
30.7725 29.7158
29.7158 32.156
32.156 27.5862
27.5862 36.9157
36.9157 26.8363
26.8363 27.9583
27.9583 34.7768
34.7768 26.4096
26.4096 34.7574
34.7574 26.5221
26.5221 33.4453
33.4453 26.4786
26.4786 36.9837
36.9837 26.6977
26.6977 27.531
27.531 36.1211
36.1211 26.6491
26.6491 30.5759
30.5759 29.1022
29.1022 33.3466
33.3466 26.6691
26.6691 37.7345
37.7345 27.1893
27.1893 25.3343
25.3343 43.7957
43.7957 29.364
29.364 24.0413
24.0413 23.8955
23.8955 46.4697
46.4697 30.2518
30.2518 24.5569
24.5569 39.1509
39.1509 31.7364
31.7364 25.4316
25.4316 15.5314
15.5314 48.5949
48.5949 32.0298
32.0298 24.9872
24.9872 17.6014
17.6014 37.5145
37.5145 26.9971
26.9971 26.4012
26.4012 39.9061
39.9061 27.6328
27.6328 23.4708
23.4708 45.2912
45.2912 29.9818
29.9818 24.5487
24.5487 34.7119
34.7119 29.0562
29.0562 23.9577
23.9577 25.7721
25.7721 40.0134
40.0134 27.5768
27.5768 23.4429
23.4429 45.417
45.417 29.9103
29.9103 24.5158
24.5158 34.7933
34.7933 29.0429
29.0429 23.9329
23.9329 25.6205
25.6205 40.4156
40.4156 28.0977
28.0977 23.4127
23.4127 40.21
40.21 28.1666
28.1666 23.5626
23.5626 37.4159
37.4159 27.2179
27.2179 24.739
24.739 47.8299
47.8299 31.7169
31.7169 24.8595
24.8595 20.5908
20.5908 29.6467
29.6467 32.2289
32.2289 27.4276
27.4276 37.6069
37.6069 26.8906
26.8906 26.3156
26.3156 39.7195
39.7195 27.7657
27.7657 23.5583
23.5583 44.9984
44.9984 30.1715
30.1715 24.6269
24.6269 35.192
35.192 28.7822
28.7822 24.148
24.148 24.7566
24.7566 44.2376
44.2376 29.7068
29.7068 24.2376
24.2376 22.3775
22.3775 40.3073
40.3073 27.1344
27.1344 24.9723
24.9723 45.7896
45.7896 30.3635
30.3635 24.741
24.741 38.6434
38.6434 31.1713
31.1713 25.3521
25.3521 19.52
19.52 31.7566
31.7566 28.0492
28.0492 35.9617
35.9617 26.608
26.608 30.9095
30.9095 28.4855
28.4855 34.9691
34.9691 26.4714
26.4714 34.1517
34.1517 26.2785
26.2785 35.5548
35.5548 26.5399
26.5399 31.2959
31.2959 27.925
27.925 36.5745
36.5745 26.4959
26.4959 29.6492
29.6492 30.8149
