0 0 
0.703366 0.00202138 
0.114507 -0.000570227 
0.371363 0.00151656 
0.0608988 -0.00138608 
0.62671 0.00186586 
0.302767 -0.00140132 
0.627955 -0.000667405 
0.298946 -0.00140705 
0.664845 -0.000621378 
0.665032 -0.00103485 
0.664568 -0.00103559 
0.659617 -0.00104066 
0.607288 -0.00109423 
0.119467 -0.0015866 
0.3329 0.00146746 
0.367423 -0.000996034 
0.0743584 -0.00136641 
0.577974 0.00179554 
0.926608 -0.00177151 
0.432667 0.00179831 
0.728634 -0.00183105 
0.39392 -0.000282888 
0.902503 -0.00159067 
0.271284 0.0016431 
0.958188 -0.000258447 
0.598669 0.00195029 
0.0706293 -0.00163207 
0.591089 0.00181459 
0.0144386 -0.00168703 
0.700398 0.0020017 
0.0795948 -0.000606343 
0.560387 0.00176974 
0.825713 -0.0018657 
0.548894 0.000913178 
0.765663 -0.00192059 
0.84538 0.000185672 
0.770442 0.00114143 
0.921742 0.000266604 
0.41488 0.0017837 
0.802794 -0.0017271 
0.290242 0.000646656 
0.762332 -0.000501317 
0.813228 0.000153087 
0.421375 0.000783119 
0.767432 -0.00177442 
0.867779 0.000208997 
0.990096 0.00136444 
0.698132 0.00202666 
0.0533078 -0.000633502 
0.653545 0.00190479 
0.561978 -0.00113859 
0.816673 -0.00187771 
0.44824 0.000809598 
0.674406 -0.00190997 
0.7609 -0.000937275 
0.793163 0.00013202 
0.188397 0.000542398 
0.781995 0.00076667 
0.0590538 0.000408788 
0.643189 0.00188658 
0.458124 -0.0012443 
0.639861 -0.0019602 
0.402841 -0.00130304 
0.845625 -0.00166506 
0.761924 0.00113152 
0.817985 0.000158925 
0.475119 0.000838505 
0.629542 -0.00199108 
0.30554 -0.00140139 
0.601357 -0.000700613 
0.0752697 -0.00162987 
0.572678 0.00178853 
0.894154 -0.00180221 
0.205757 0.00157845 
0.621283 0.00056534 
0.246752 -0.00145851 
0.190036 3.14196e-05 
0.763499 0.000743905 
0.834881 0.000176249 
0.66038 0.00102886 
0.627621 -0.0010721 
0.2935 -0.00141283 
0.717973 -0.000555154 
0.272805 -0.000407768 
0.930568 -0.000291393 
0.464746 0.0018301 
0.646958 -0.00195967 
0.472432 -0.00123239 
0.619464 -0.00199944 
0.215625 -0.00149165 
0.505382 0.000423145 
0.636549 -0.00201738 
0.370789 -0.00133554 
0.0479941 -0.00140002 
0.66234 0.00192074 
0.653585 -0.00104496 
0.544815 -0.00115804 
0.735949 -0.00194958 
0.482181 -0.000191369 
0.619857 -0.00201002 
0.218971 -0.00148831 
0.471956 0.00038157 
0.629537 -0.00198751 
0.305513 -0.00140141 
0.601616 -0.000700289 
0.0772631 -0.0016279 
0.564359 0.00177687 
0.846768 -0.00184638 
0.772553 0.00114224 
0.947359 0.00029318 
0.555568 0.0019138 
0.802464 -0.00188653 
0.285453 0.000641615 
0.809796 -0.00044224 
0.378678 0.000738727 
0.00548394 -0.001457 
0.699105 0.00201037 
0.0645493 -0.000621892 
0.619169 0.00185321 
0.236033 -0.00146824 
0.299472 0.000167267 
0.669126 -0.000617132 
0.71104 -0.000987678 
0.187342 -0.000496554 
0.785702 0.000772053 
0.103498 0.000454847 
0.444675 0.00161189 
0.688842 -0.00188962 
0.922835 -0.000770511 
0.415557 0.00178323 
0.799607 -0.00173146 
0.25307 0.000608232 
0.137706 -3.48885e-05 
0.212361 0.00131056 
0.554553 0.000482427 
0.789052 -0.00190055 
0.127523 0.000478221 
0.289886 0.00140972 
0.770397 -0.000491797 
0.91146 0.00025503 
0.346747 0.00171829 
0.25138 -0.00114289 
0.14456 -2.52289e-05 
0.159606 0.00124316 
0.0442364 0.00109571 
0.685516 0.00195119 
0.907914 -0.000783621 
0.315604 0.00168709 
0.52488 -0.000798457 
0.669545 -0.00200212 
0.707322 -0.000992355 
0.143209 -0.000542249 
0.167102 0.00125317 
0.979764 0.00101435 
0.674742 0.0020119 
0.787969 -0.000907051 
0.120551 0.000471564 
0.337911 0.0014719 
0.324087 -0.0010507 
0.430797 -0.000914418 
0.719334 -0.00183945 
0.281509 -0.000399466 
0.842971 -0.000400272 
0.742079 0.00111208 
0.575255 -9.30695e-05 
0.898494 -0.00180022 
0.239667 0.00161189 
0.28076 0.000142002 
0.853705 -0.00038729 
0.851157 0.00122327 
0.835316 0.00120824 
0.671166 0.00104056 
0.743048 -0.000953796 
0.574784 -9.46972e-05 
0.89561 -0.00180295 
0.217245 0.0015898 
0.507572 0.000423789 
0.639743 -0.00201624 
0.40137 -0.00130457 
0.853677 -0.00165429 
0.843332 0.00121446 
0.75545 0.00112679 
0.738868 7.67956e-05 
0.529875 -0.000140747 
0.688063 -0.00198683 
0.913375 -0.000780326 
0.353746 0.00172404 
0.194883 -0.00121468 
0.709997 0.000677935 
0.184868 -0.000498172 
0.8088 0.000800966 
0.374677 0.000735329 
0.0329034 -0.00142148 
0.689726 0.00196876 
0.955936 -0.000734087 
0.586841 0.00193946 
0.985625 -0.00171481 
0.671484 0.00200159 
0.752245 -0.000943758 
0.687328 2.21476e-05 
0.916979 -0.000775421 
0.377943 0.00174732 
0.016473 -0.00144375 
0.701667 0.00200084 
0.0944383 -0.000590995 
0.488662 0.00167187 
0.630783 -0.00200499 
0.316874 -0.00138997 
0.49476 -0.000833947 
0.618382 -0.00202591 
0.206122 -0.00150117 
0.599359 0.000540141 
0.0674331 -0.00163647 
0.602956 0.00183162 
0.102712 -0.00160065 
0.436967 0.00160406 
0.712544 -0.00185411 
0.200103 -0.000483827 
0.664092 0.000620132 
0.664412 -0.0010347 
0.657964 -0.00104236 
0.590022 -0.00111188 
0.989473 -0.00171405 
0.678714 0.00200541 
0.831879 -0.000861898 
0.621982 0.000988841 
0.255408 -0.00144952 
0.101523 -7.84413e-05 
0.452848 0.00162336 
0.668035 -0.00192238 
0.691486 -0.00100855 
0.958356 -0.00073334 
0.596496 0.00194764 
0.0543938 -0.00164797 
0.644535 0.00189337 
0.471395 -0.00123082 
0.620482 -0.00199712 
0.224483 -0.00148279 
0.416559 0.000312706 
0.786178 -0.00174778 
0.0941676 0.000443759 
0.496256 0.00168076 
0.63439 -0.0020095 
0.350437 -0.00135611 
0.202999 -0.00120176 
0.631675 0.000580208 
0.340532 -0.00136424 
0.284866 -0.001098 
0.805276 -0.000446685 
0.326645 0.000685007 
0.418126 -0.000931636 
0.771593 -0.00176604 
0.918383 0.000261506 
0.393329 0.00176313 
0.918218 -0.00157223 
0.381325 0.00174975 
0.993802 -0.0014732 
0.687032 0.00200993 
0.925467 -0.00076549 
0.431779 0.00179859 
0.73187 -0.00182639 
0.433254 -0.000242074 
0.714365 -0.00184785 
0.221873 -0.000461272 
0.44894 0.000352267 
0.669884 -0.00191587 
0.711505 -0.000988009 
0.192877 -0.000490823 
0.733454 0.000706725 
0.467625 -0.000205006 
0.630889 -0.00198109 
0.317991 -0.00138883 
0.48445 -0.000846866 
0.615552 -0.00201745 
0.182032 -0.00152521 
0.828963 0.000826969 
0.60047 0.000967816 
0.0784227 -0.0016253 
0.559414 0.00176996 
0.820721 -0.00187024 
0.493633 0.000856344 
0.62779 -0.002014 
0.289419 -0.00141763 
0.758165 -0.000505097 
0.762334 0.000100256 
0.816839 0.000157166 
0.462226 0.000825224 
0.644887 -0.00195916 
0.451906 -0.00125325 
0.653071 -0.00193824 
0.534228 -0.00116943 
0.696066 -0.0019827 
0.00540735 -0.000685322 
0.703657 0.0020156 
0.117897 -0.000566724 
0.349377 0.00148787 
0.228526 -0.0011717 
0.377531 0.00026401 
0.0104358 -0.00145011 
0.701318 0.00200727 
0.0903867 -0.000595181 
0.509552 0.00170006 
0.650525 -0.00200629 
0.507956 -0.00119626 
0.630682 -0.00202692 
0.31581 -0.00139106 
0.504624 -0.000821591 
0.628105 -0.00202607 
0.292212 -0.00141483 
0.730625 -0.000539392 
0.42579 -0.000249106 
0.742783 -0.00180728 
0.566463 -0.000103806 
0.847108 -0.00184838 
0.776017 0.00114578 
0.989308 0.000336691 
0.690647 0.00201909 
0.966781 -0.000722867 
0.627037 0.00197264 
0.306351 -0.00139764 
0.593636 -0.00071026 
0.0176224 -0.00168631 
0.69999 0.00199764 
0.0748004 -0.000611303 
0.580674 0.0017981 
0.943819 -0.0017551 
0.526489 0.00188492 
0.690052 -0.00198075 
0.936121 -0.000756858 
0.492893 0.00185564 
0.633357 -0.00200687 
0.340767 -0.00136587 
0.282865 -0.00110053 
0.825233 -0.00042186 
0.552219 0.000917481 
0.780684 -0.00190737 
0.0273701 0.000374449 
0.706595 0.00199409 
0.152408 -0.000531026 
0.093616 0.00115968 
0.503419 0.00168948 
0.641522 -0.00200953 
0.418637 -0.00128706 
0.767171 -0.00177162 
0.864625 0.000205726 
0.960524 0.00133458 
0.61713 0.00196852 
0.219192 -0.00148498 
0.469757 0.000378834 
0.631819 -0.00198245 
0.326591 -0.00138016 
0.4063 -0.000944946 
0.829291 -0.00168744 
0.589051 0.000954535 
0.995 -0.00170671 
0.687313 0.00200889 
0.928648 -0.000762211 
0.450791 0.00181649 
0.674019 -0.00191329 
0.756634 -0.000941661 
0.74102 7.78891e-05 
0.55615 -0.000113473 
0.793212 -0.00189765 
0.176879 0.000529321 
0.888339 0.000899926 
0.17481 0.00155004 
0.913116 0.000930277 
0.362169 0.00173386 
0.129698 -0.0012979 
0.263811 0.00137778 
0.0325669 -0.000165904 
0.697645 0.0019781 
0.0473434 -0.000639694 
0.668377 0.0019283 
0.718118 -0.000978829 
0.272017 -0.000408823 
0.938537 -0.000281492 
0.508554 0.00187062 
0.649907 -0.00200586 
0.501717 -0.00120261 
0.622277 -0.00202937 
0.240017 -0.00146725 
0.258841 0.000116825 
0.0757719 -0.000111436 
0.579652 0.00179584 
0.937245 -0.00176138 
0.492922 0.00185441 
0.633364 -0.00200689 
0.340833 -0.0013658 
0.282309 -0.00110123 
0.830788 -0.000414951 
0.612866 0.000979768 
0.177366 -0.00152745 
0.871668 0.000880527 
0.0298805 0.00140503 
0.710203 0.00199533 
0.195172 -0.000486756 
0.711564 0.00067938 
0.203518 -0.000478859 
0.630927 0.000578776 
0.333603 -0.00137122 
0.344367 -0.0010229 
0.254719 -0.00113642 
0.11044 -6.75793e-05 
0.399952 0.00155348 
0.878603 -0.00162451 
0.0769224 0.00145037 
0.584146 0.00179962 
0.966606 -0.00173326 
0.620433 0.00196537 
0.24767 -0.00145652 
0.180657 1.97772e-05 
0.850827 0.000853243 
0.829789 0.00120237 
0.61168 0.000979556 
0.167538 -0.00153722 
0.959313 0.000990731 
0.610479 0.00196237 
0.163528 -0.00154039 
0.994134 0.00103463 
0.702452 0.00202698 
0.103811 -0.000581287 
0.436686 0.0016025 
0.713474 -0.00185274 
0.211199 -0.000472333 
0.555448 0.000484754 
0.793369 -0.00189668 
0.178736 0.000531243 
0.871458 0.00087874 
0.027959 0.00140309 
0.712171 0.00199973 
0.218616 -0.000462475 
0.48163 0.000392909 
0.62349 -0.00200529 
0.250883 -0.00145634 
0.147782 -2.10239e-05 
0.134093 0.00121068 
0.246766 0.00135354 
0.206655 5.01927e-05 
0.603371 0.000544074 
0.0982683 -0.00160614 
0.461957 0.00163734 
0.65017 -0.00195288 
0.504689 -0.00119955 
0.625938 -0.00202859 
0.272599 -0.00143455 
0.926534 -0.000295721 
0.44102 0.00180784 
0.700782 -0.00187199 
0.0610027 -0.000627798 
0.630897 0.00187048 
0.341022 -0.0013628 
0.280734 -0.00110323 
0.846543 -0.000395357 
0.778908 0.00114968 
0.0242048 0.000372878 
0.709157 0.00200056 
0.18278 -0.000499584 
0.828168 0.000825225 
0.591803 0.000958916 
0.0144136 -0.00168787 
0.700394 0.00200173 
0.0795417 -0.000606398 
0.56062 0.00177006 
0.826918 -0.0018646 
0.562118 0.000926767 
0.82972 -0.00186312 
0.592668 0.000958139 
0.0205962 -0.00168186 
0.698989 0.00199315 
0.0630897 -0.000623411 
0.6241 0.00186044 
0.27934 -0.00142486 
0.858614 -0.000380134 
0.899435 0.0012723 
0.265191 0.00163968 
0.0200689 -0.000181594 
0.708158 0.00200411 
0.170954 -0.000511825 
0.935308 0.000959729 
0.498723 0.00186315 
0.637507 -0.00200877 
0.379956 -0.00132625 
0.984582 -0.00148208 
0.670732 0.00200192 
0.744055 -0.000952167 
0.587105 -8.19057e-05 
0.975387 -0.00172668 
0.647127 0.00198563 
0.497632 -0.00120409 
0.618277 -0.00202927 
0.2052 -0.00150209 
0.608388 0.000551392 
0.138118 -0.00156676 
0.200116 0.00129625 
0.674581 0.000631977 
0.777969 -0.000918175 
0.000564378 0.000347212 
0.705988 0.00202371 
0.145415 -0.000538246 
0.149811 0.00123112 
0.125246 0.00119838 
0.310144 0.0014352 
0.57453 -0.000736149 
0.890244 -0.00180873 
0.174279 0.00154729 
0.917876 0.00093626 
0.394041 0.00176451 
0.913981 -0.00157783 
0.353112 0.00172264 
0.199908 -0.00120828 
0.661668 0.000617614 
0.638731 -0.001061 
0.397327 -0.001308 
0.876461 -0.00162396 
0.0580452 0.00143145 
0.65235 0.00189808 
0.549741 -0.00115108 
0.75711 -0.00193122 
0.74094 7.72611e-05 
0.555174 -0.000114486 
0.788475 -0.0019019 
0.120652 0.000471105 
0.33723 0.00147102 
0.329917 -0.00104334 
0.3787 -0.000979911 
0.995094 -0.00146877 
0.688857 0.00201053 
0.946252 -0.000744054 
0.544196 0.00190219 
0.751647 -0.00193113 
0.67413 7.90198e-06 
0.769297 -0.000927469 
0.895511 0.000238241 
0.228633 0.00160278 
0.392991 0.000281368 
0.911412 -0.00157954 
0.335482 0.00170561 
0.346386 -0.00102274 
0.238012 -0.0011576 
0.281149 0.000144315 
0.849818 -0.000392124 
0.812209 0.00118363 
0.41592 0.000778104 
0.79192 -0.00174057 
0.162528 0.000514556 
0.0149778 0.00105933 
0.716746 0.00201958 
0.273428 -0.000405677 
0.924277 -0.00029921 
0.427291 0.00179486 
0.74896 -0.00180199 
0.642031 -2.53516e-05 
0.435414 -0.00126867 
0.700679 -0.00186576 
0.0598305 -0.000629006 
0.634597 0.00187599 
0.375541 -0.00132796 
0.014615 -0.00144313 
0.701847 0.00200314 
0.0965724 -0.000588787 
0.477271 0.00165657 
0.632967 -0.00198964 
0.337227 -0.00136943 
0.313016 -0.00106244 
0.532637 -0.000786761 
0.69303 -0.00198433 
0.9703 -0.000721582 
0.638325 0.00198143 
0.411559 -0.00129145 
0.800493 -0.00172594 
0.263452 0.000618969 
0.0316995 -0.000166479 
0.698728 0.0019803 
0.0599677 -0.000626645 
0.634182 0.00187536 
0.371635 -0.0013319 
0.0419826 -0.00140777 
0.675117 0.00194198 
0.791675 -0.000903285 
0.164607 0.000517184 
0.997084 0.00103675 
0.706328 0.00202803 
0.149457 -0.000534062 
0.117584 0.00119012 
0.361898 0.00150238 
0.130365 -0.00129684 
0.259018 0.00137161 
0.0814345 -0.000105235 
0.555199 0.00176179 
0.799778 -0.00188915 
0.25412 0.000609226 
0.126972 -4.8212e-05 
0.290637 0.00141119 
0.762987 -0.000501023 
0.821225 0.000161387 
0.511349 0.000875803 
0.648735 -0.00201035 
0.489899 -0.00121465 
0.613882 -0.0020255 
0.167933 -0.00153926 
0.95584 0.000986358 
0.596705 0.00195072 
0.0559635 -0.00164643 
0.640122 0.00188661 
0.428289 -0.00127457 
0.726751 -0.00182823 
0.371109 -0.000306549 
0.0518413 -0.00139603 
0.652877 0.00190569 
0.555164 -0.00114554 
0.782282 -0.00190889 
0.0465543 0.000394332 
0.676328 0.00193818 
0.805011 -0.000889575 
0.320944 0.000678861 
0.469666 -0.00086692 
0.624497 -0.00199062 
0.259926 -0.00144725 
0.0553589 -0.000135743 
0.650848 0.00189942 
0.534502 -0.00116661 
0.697019 -0.00198193 
0.0164657 -0.000673896 
0.706256 0.00200604 
0.148469 -0.000535097 
0.125527 0.00120021 
0.308196 0.00143268 
0.592955 -0.000713115 
0.0126982 -0.00169111 
0.700298 0.00200356 
0.0784372 -0.000607539 
0.565417 0.00177674 
0.852537 -0.00184105 
0.830866 0.00120165 
0.623352 0.000991535 
0.267521 -0.00143737 
0.978027 -0.000231761 
0.663 0.00200059 
0.661055 -0.00103727 
0.622409 -0.00107876 
0.246849 -0.00145968 
0.189038 3.01819e-05 
0.772904 0.000755666 
0.949304 0.000294983 
0.564492 0.00192169 
0.848353 -0.00184474 
0.788713 0.00115872 
0.141725 0.000494661 
0.184799 0.00127485 
0.820009 0.000813716 
0.501681 0.000866247 
0.634566 -0.00201543 
0.352052 -0.00135448 
0.190029 -0.00121825 
0.756116 0.000735565 
0.744676 8.26089e-05 
0.600864 -6.70517e-05 
0.0752688 -0.00162931 
0.572685 0.00178854 
0.894196 -0.00180217 
0.20609 0.00157878 
0.618023 0.000561278 
0.218458 -0.00148682 
0.477104 0.00038797 
0.625508 -0.00199789 
0.268919 -0.00143823 
0.963818 -0.000249407 
0.619694 0.00196769 
0.241258 -0.00146293 
0.246187 0.000101116 
0.205111 4.91019e-05 
0.618499 0.000562923 
0.222562 -0.00148272 
0.435918 0.000336765 
0.708522 -0.00185747 
0.152264 -0.000533367 
0.0947812 0.00116116 
0.49729 0.00168123 
0.635192 -0.00200976 
0.357982 -0.00134848 
0.143367 -0.00127771 
0.161479 0.00124663 
0.0283252 0.00107561 
0.709862 0.0019967 
0.191123 -0.000490948 
0.750104 0.000727532 
0.671108 6.22874e-06 
0.736254 -0.000961411 
0.491797 -0.000180842 
0.620716 -0.00201992 
0.22639 -0.00148089 
0.397311 0.000288788 
0.886071 -0.00161308 
0.140979 0.00151435 
0.196632 0.00128907 
0.708144 0.000673863 
0.162868 -0.000520952 
0.00589297 0.00104868 
0.714283 0.00202706 
0.243994 -0.000436171 
0.224345 7.33274e-05 
0.427231 0.000324928 
0.740436 -0.00181156 
0.537757 -0.000133607 
0.714659 -0.00196567 
0.224694 -0.000458416 
0.420537 0.000316965 
0.7683 -0.00177249 
0.878353 0.00021997 
0.0857264 0.00146061 
0.544652 0.00174502 
0.752577 -0.00193059 
0.685517 1.97238e-05 
0.896409 -0.000796629 
0.229497 0.00160274 
0.384225 0.000270479 
0.966004 -0.00150791 
0.619751 0.00196528 
0.241738 -0.00146245 
0.241284 9.50292e-05 
0.255211 0.000111289 
0.112844 -6.54183e-05 
0.384944 0.00153379 
0.96889 -0.00150546 
0.629238 0.00197275 
0.326379 -0.00137748 
0.408214 -0.000942543 
0.819385 -0.0017008 
0.479731 0.000842135 
0.626852 -0.00199934 
0.28101 -0.00142608 
0.841858 -0.000400966 
0.730507 0.00110026 
0.434136 -0.000239538 
0.711255 -0.00185236 
0.184754 -0.000499724 
0.809853 0.000802286 
0.386756 0.000747794 
0.952642 -0.00152588 
0.568346 0.00192227 
0.869758 -0.0018249 
0.996275 0.00136919 
0.707312 0.00203006 
0.161096 -0.000522014 
0.0210482 0.00106781 
0.715166 0.00201093 
0.254452 -0.000425345 
0.117409 -5.93983e-05 
0.3556 0.00149545 
0.178891 -0.00123486 
0.859522 0.000865071 
0.915659 0.00128962 
0.381494 0.00175283 
0.992702 -0.00147464 
0.6854 0.00200932 
0.906949 -0.000784582 
0.308673 0.00168035 
0.589903 -0.000717105 
0.990992 -0.0017122 
0.68129 0.00200661 
0.860643 -0.000832289 
0.916364 0.00128915 
0.386182 0.00175733 
0.962301 -0.00151431 
0.60672 0.00195474 
0.133093 -0.00157055 
0.237555 0.00134426 
0.300724 0.000166963 
0.657001 -0.000632256 
0.582464 -0.00111934 
0.938087 -0.0017636 
0.497363 0.00185847 
0.636307 -0.00200858 
0.368543 -0.0013378 
0.0641672 -0.0013792 
0.615962 0.00185002 
0.208554 -0.00149569 
0.575479 0.000510392 
0.903459 -0.00179486 
0.277174 0.00164868 
0.898717 -0.000332344 
0.250128 0.00162346 
0.173856 9.30874e-06 
0.91251 0.000930671 
0.358018 0.00172985 
0.161434 -0.00125733 
0.0137878 0.00105922 
0.716762 0.00202094 
0.273625 -0.000405472 
0.922285 -0.000301686 
0.414907 0.00178312 
0.802662 -0.00172728 
0.288712 0.000645075 
0.777457 -0.000482486 
0.996992 0.00034375 
0.702087 0.00202334 
0.0994991 -0.000585749 
0.461221 0.00163512 
0.651397 -0.00195066 
0.517121 -0.00118688 
0.648005 -0.0020177 
0.482538 -0.00122214 
0.613627 -0.00201746 
0.165848 -0.00154133 
0.974048 0.0010093 
0.659714 0.00200137 
0.626438 -0.00107269 
0.282794 -0.00142359 
0.824011 -0.000423161 
0.538746 0.000903629 
0.724475 -0.00195569 
0.342811 -0.00033597 
0.271799 -0.00111535 
0.93653 -0.000283515 
0.497912 0.00186086 
0.636778 -0.00200867 
0.373018 -0.00133328 
0.0321881 -0.00142041 
0.690649 0.00197061 
0.966513 -0.000723172 
0.626141 0.00197193 
0.298268 -0.00140576 
0.671437 -0.000613158 
0.736145 -0.000961907 
0.490462 -0.000182228 
0.620208 -0.00201898 
0.221969 -0.00148532 
0.441871 0.000344166 
0.689474 -0.00188573 
0.930084 -0.000763031 
0.459144 0.00182431 
0.656224 -0.00194285 
0.566613 -0.00113638 
0.841788 -0.00185456 
0.721115 0.00108972 
0.320399 -0.00035751 
0.468473 -0.000867652 
0.625888 -0.0019877 
0.272393 -0.00143473 
0.928616 -0.000293134 
0.453395 0.00181947 
0.667968 -0.00192308 
0.690751 -0.00100931 
0.949917 -0.00074205 
0.561068 0.00191712 
0.830119 -0.00186148 
0.597009 0.000962596 
0.0523323 -0.00165088 
0.650076 0.00190197 
0.526716 -0.00117454 
0.672468 -0.00200089 
0.739119 -0.000959709 
0.52676 -0.000144552 
0.678734 -0.00199385 
0.808267 -0.000888615 
0.358491 0.000717631 
0.151743 -0.00126882 
0.0946588 0.00116161 
0.497941 0.00168211 
0.635738 -0.00200988 
0.363146 -0.00134326 
0.103999 -0.00132806 
0.431141 0.00159602 
0.733017 -0.00182437 
0.447221 -0.000227581 
0.670898 -0.00191278 
0.722535 -0.000976685 
0.325211 -0.000353676 
0.424811 -0.000922457 
0.742765 -0.00180619 
0.566254 -0.000104022 
0.845948 -0.00184945 
0.764147 0.00113367 
0.845115 0.000187085 
0.767721 0.00113865 
0.888661 0.000232278 
0.173478 0.00154817 
0.925069 0.000945297 
0.439552 0.00180783 
0.705359 -0.00186515 
0.114813 -0.000572134 
0.369389 0.00151398 
0.0750338 -0.00136787 
0.575209 0.00179165 
0.909443 -0.00178779 
0.320468 0.00169086 
0.480045 -0.000854648 
0.616609 -0.00201127 
0.191035 -0.00151622 
0.744826 0.000721664 
0.606513 -6.08357e-05 
0.119428 -0.00158577 
0.333164 0.0014678 
0.365114 -0.000998944 
0.0913517 -0.00134458 
0.500192 0.00168839 
0.637878 -0.00201001 
0.383498 -0.00132267 
0.961227 -0.00151249 
0.602788 0.00195151 
0.102121 -0.00160112 
0.44036 0.00160857 
0.701636 -0.00187027 
0.0710122 -0.000617446 
0.595667 0.00181933 
0.047516 -0.00165481 
0.661931 0.00192081 
0.649264 -0.00104939 
0.500937 -0.00120276 
0.621423 -0.00202945 
0.232514 -0.00147477 
0.335256 0.000211704 
0.33944 -0.00103034 
0.296124 -0.00108404 
0.694247 -0.000584944 
0.992684 -0.00069765 
0.690004 0.00201455 
0.959388 -0.000730499 
0.600508 0.00195101 
0.0845732 -0.00161839 
0.531754 0.00173174 
0.705163 -0.00196962 
0.111872 -0.000575237 
0.388019 0.00153837 
0.949397 -0.00153098 
0.554029 0.00190975 
0.795066 -0.00189316 
0.198792 0.000551999 
0.682952 0.000642939 
0.871174 -0.000822261 
0.0152277 0.00138902 
0.718695 0.0020215 
0.296831 -0.000381421 
0.691536 -0.000588809 
0.961434 -0.000729917 
0.608215 0.00195741 
0.145101 -0.00155867 
0.146208 0.0012274 
0.154059 0.00123503 
0.0905737 0.00115438 
0.519035 0.00171057 
0.669624 -0.00199542 
0.70821 -0.000991439 
0.153727 -0.000531361 
0.0827816 0.00114594 
0.556537 0.00176178 
0.806286 -0.00188331 
0.329751 0.000687377 
0.390481 -0.000966404 
0.919197 -0.0015679 
0.387708 0.00175585 
0.952643 -0.00152695 
0.568346 0.00192227 
0.869756 -0.0018249 
0.996253 0.00136917 
0.707284 0.00203005 
0.160763 -0.000522359 
0.0238853 0.0010714 
0.71354 0.00200588 
0.234992 -0.000445508 
0.316173 0.000187326 
0.510663 -0.000815174 
0.637439 -0.00202234 
0.379226 -0.001327 
0.989477 -0.00147572 
0.680141 0.00200702 
0.847788 -0.000845523 
0.788928 0.0011596 
0.144279 0.000497307 
0.164923 0.00124949 
0.998709 0.00103823 
0.708204 0.00202831 
0.17165 -0.000511091 
0.929126 0.000951952 
0.463802 0.00183066 
0.648377 -0.00195699 
0.486631 -0.00121794 
0.613299 -0.00202246 
0.163077 -0.00154409 
0.997994 0.00103951 
0.707413 0.00202823 
0.162281 -0.000520788 
0.0109273 0.00105503 
0.716369 0.00202373 
0.268931 -0.000410335 
0.969823 -0.000242631 
0.639701 0.00198352 
0.4248 -0.00127804 
0.740695 -0.00180852 
0.540939 -0.000130303 
0.726607 -0.00195576 
0.368605 -0.000309217 
0.0698435 -0.00137285 
0.595618 0.0018206 
0.047165 -0.00165515 
0.662733 0.00192212 
0.657756 -0.00104069 
0.587869 -0.00111408 
0.974479 -0.00172857 
0.644607 0.00198381 
0.472642 -0.00122949 
0.619287 -0.00199988 
0.214087 -0.00149319 
0.520696 0.000442198 
0.666048 -0.00200134 
0.669671 -0.00103097 
0.714472 -0.000984414 
0.228303 -0.000454124 
0.384073 0.000271658 
0.966994 -0.00150662 
0.623074 0.00196792 
0.270872 -0.00143327 
0.944031 -0.000273986 
0.536347 0.00189583 
0.721689 -0.00195613 
0.309163 -0.000370862 
0.57304 -0.000736724 
0.881265 -0.00181719 
0.0989188 0.00147223 
0.476711 0.00165329 
0.633294 -0.00198864 
0.340284 -0.00136634 
0.286951 -0.00109537 
0.784546 -0.000472481 
0.0822572 0.000432138 
0.554678 0.00176028 
0.797268 -0.0018914 
0.224702 0.000578804 
0.426637 0.000323853 
0.742791 -0.00180823 
0.566551 -0.000103715 
0.847599 -0.00184792 
0.781027 0.00115089 
0.0497173 0.000399327 
0.668937 0.00192625 
0.724155 -0.000972637 
0.344792 -0.000333368 
0.255301 -0.00113625 
0.104489 -7.49663e-05 
0.435745 0.00160067 
0.716645 -0.00184809 
0.249174 -0.000432985 
0.171369 7.57639e-06 
0.934713 0.000958586 
0.495462 0.00186014 
0.634897 -0.00200803 
0.35522 -0.00135127 
0.164913 -0.00125023 
0.983897 0.00102149 
0.684208 0.00201793 
0.893518 -0.000798418 
0.206685 0.00158022 
0.612188 0.000554008 
0.169203 -0.00153591 
0.944688 0.000972313 
0.546962 0.00190709 
0.763219 -0.00192117 
0.815586 0.00015475 
0.448089 0.000810657 
0.674803 -0.00190935 
0.765273 -0.00093278 
0.846514 0.000187395 
0.782078 0.0011533 
0.062361 0.000412433 
0.632688 0.00187097 
0.357638 -0.00134604 
0.146045 -0.0012743 
0.140444 0.00121982 
0.198991 0.00129234 
0.685443 0.00064553 
0.899307 -0.00079327 
0.2519 0.0016248 
0.155733 -1.3185e-05 
0.0692618 0.00112839 
0.612709 0.00184058 
0.181191 -0.00152295 
0.836724 0.000836695 
0.683921 0.00105339 
0.884538 -0.000808247 
0.132883 0.00150693 
0.257432 0.00136697 
0.0976129 -8.51505e-05 
0.474617 0.0016524 
0.634777 -0.0019846 
0.35423 -0.00135226 
0.172715 -0.00124029 
0.915283 0.000935098 
0.376863 0.00174802 
0.0238453 -0.00143419 
0.698635 0.00198908 
0.0589371 -0.000627706 
0.63737 0.00188013 
0.401829 -0.00130137 
0.851167 -0.00165765 
0.818241 0.00118893 
0.484129 0.000848403 
0.62569 -0.00200563 
0.270507 -0.00143664 
0.947711 -0.000269413 
0.553845 0.00191145 
0.794207 -0.00189392 
0.188655 0.00054151 
0.779561 0.000763627 
0.0297765 0.000378439 
0.704198 0.00198866 
0.124104 -0.000560317 
0.307572 0.00143358 
0.598886 -0.000705704 
0.0564389 -0.00164836 
0.63874 0.00188451 
0.41496 -0.00128807 
0.784112 -0.00174831 
0.0694626 0.000418163 
0.607725 0.00183472 
0.140424 -0.0015634 
0.182562 0.00127379 
0.840745 0.00083969 
0.726289 0.00109675 
0.382945 -0.000292646 
0.970974 -0.00150084 
0.635743 0.00197775 
0.386961 -0.00131634 
0.939043 -0.00154149 
0.503682 0.00186454 
0.642896 -0.00200828 
0.43204 -0.00127346 
0.712605 -0.00184847 
0.200859 -0.000483041 
0.65677 0.000611 
0.587477 -0.00111341 
0.97179 -0.00173117 
0.636827 0.00197805 
0.397241 -0.00130594 
0.876966 -0.00162329 
0.0625247 0.00143595 
0.638249 0.00187707 
0.410207 -0.00129289 
0.807199 -0.00171683 
0.341264 0.000699362 
0.290981 -0.00109192 
0.744681 -0.000522109 
0.59732 -7.10646e-05 
0.0484805 -0.00165559 
0.659672 0.00191717 
0.625496 -0.00107371 
0.274324 -0.00143211 
0.909105 -0.000317376 
0.326847 0.00169846 
0.422352 -0.000927088 
0.75304 -0.0017918 
0.692003 2.65344e-05 
0.97047 -0.000720229 
0.638857 0.00198184 
0.416662 -0.00128628 
0.776173 -0.00175921 
0.973871 0.000319062 
0.655097 0.00199635 
0.57846 -0.00112171 
0.912285 -0.00178825 
0.340272 0.00171004 
0.305386 -0.00107451 
0.604779 -0.00069657 
0.101903 -0.00160362 
0.44159 0.00161021 
0.697868 -0.00187593 
0.0269695 -0.00066298 
0.700777 0.00198796 
0.0839384 -0.00060186 
0.540779 0.00174266 
0.737152 -0.00194365 
0.49689 -0.000176099 
0.623804 -0.00202218 
0.253568 -0.00145366 
0.120324 -5.51028e-05 
0.336295 0.00147033 
0.337962 -0.00103318 
0.308716 -0.00106813 
0.573115 -0.000736134 
0.881718 -0.00181677 
0.102824 0.00147614 
0.454664 0.00162395 
0.664012 -0.00192898 
0.648373 -0.00105275 
0.491977 -0.00121189 
0.614648 -0.00202698 
0.174352 -0.00153287 
0.898868 0.000914688 
0.258721 0.00163301 
0.0860243 -9.97104e-05 
0.533932 0.00173256 
0.712359 -0.00196394 
0.197239 -0.000486856 
0.691724 0.000654612 
0.971003 -0.000719311 
0.64049 0.00198308 
0.432414 -0.00127032 
0.711264 -0.0018504 
0.184875 -0.000499597 
0.808728 0.000800877 
0.373847 0.000734472 
0.0386939 -0.00141399 
0.681054 0.00195241 
0.857675 -0.000835377 
0.887583 0.00125997 
0.170698 0.00154624 
0.949843 0.000976452 
0.57098 0.00192841 
0.88497 -0.00181068 
0.130553 0.00150381 
0.274353 0.00138873 
0.92562 -0.000298739 
0.435486 0.00180261 
0.718735 -0.00184543 
0.274264 -0.000406979 
0.915818 -0.000309719 
0.373023 0.00174307 
0.0504915 -0.00139972 
0.656297 0.00191108 
0.590328 -0.00110965 
0.991636 -0.00171195 
0.682331 0.00200706 
0.872324 -0.000820259 
0.0257076 0.00139957 
0.714142 0.0020045 
0.242171 -0.000438072 
0.242967 9.64428e-05 
0.238017 8.99469e-05 
0.288529 0.000152652 
0.776334 -0.000483549 
0.98342 0.000329677 
0.679059 0.00201265 
0.835761 -0.000857898 
0.663589 0.00103149 
0.661525 -0.0010374 
0.627359 -0.00107369 
0.291118 -0.00141522 
0.741397 -0.000525976 
0.557165 -0.000112752 
0.798207 -0.00189315 
0.235711 0.000590189 
0.31502 0.000185211 
0.521358 -0.000801779 
0.660277 -0.00200861 
0.608439 -0.00109367 
0.128725 -0.00157744 
0.269104 0.00138487 
0.978763 -0.000232719 
0.664849 0.00200185 
0.680716 -0.00101713 
0.836199 -0.000859275 
0.668246 0.00103626 
0.711384 -0.000986294 
0.191451 -0.000492298 
0.74699 0.00072364 
0.63298 -3.33572e-05 
0.349011 -0.00135612 
0.214547 -0.00118709 
0.517946 0.000438569 
0.659536 -0.00200559 
0.600694 -0.00110159 
0.0678041 -0.00163756 
0.601603 0.00182967 
0.0922372 -0.00161096 
0.494066 0.00168046 
0.632946 -0.00200866 
0.33692 -0.00136976 
0.315655 -0.00105911 
0.508045 -0.000817548 
0.633078 -0.00202431 
0.33806 -0.00136862 
0.305883 -0.00107145 
0.600049 -0.00070248 
0.0652583 -0.0016397 
0.610653 0.00184278 
0.164241 -0.00153978 
0.987984 0.00102687 
0.692377 0.00202254 
0.986661 -0.000702346 
0.679565 0.00200956 
0.841378 -0.000852119 
0.722819 0.00109211 
0.340967 -0.000336183 
0.287316 -0.00109572 
0.780917 -0.000476997 
0.0386949 0.000386989 
0.691786 0.00196454 
0.97952 -0.000709751 
0.663875 0.00199989 
0.670336 -0.00102776 
0.721705 -0.000976988 
0.315197 -0.000364058 
0.516439 -0.00080754 
0.648779 -0.00201605 
0.490304 -0.00121424 
0.614007 -0.00202582 
0.168974 -0.00153822 
0.9467 0.000974847 
0.556549 0.00191565 
0.807258 -0.00188222 
0.340959 0.00069895 
0.293553 -0.00108866 
0.71939 -0.000553611 
0.289844 -0.000390106 
0.760084 -0.000503408 
0.785785 0.000124601 
0.100639 0.000451519 
0.461012 0.00163359 
0.651748 -0.00195003 
0.520687 -0.00118324 
0.656339 -0.00201231 
0.567385 -0.00113564 
0.84611 -0.00185055 
0.765801 0.00113535 
0.865271 0.000208005 
0.96663 0.00134075 
0.63883 0.00198615 
0.416437 -0.00128651 
0.777215 -0.00175778 
0.986471 0.00033213 
0.685362 0.00201632 
0.906552 -0.000784986 
0.305812 0.00167756 
0.617111 -0.000683109 
0.203232 -0.001503 
0.627613 0.000575353 
0.303248 -0.0014018 
0.62332 -0.00067319 
0.257309 -0.00144888 
0.0820935 -0.000102557 
0.552236 0.0017577 
0.785767 -0.00190164 
0.0883441 0.00043764 
0.525882 0.00172084 
0.687349 -0.00198312 
0.905265 -0.000788688 
0.296443 0.00166842 
0.707535 -0.000570283 
0.148234 -0.000536807 
0.127398 0.0012026 
0.295082 0.00141574 
0.71933 -0.000555408 
0.289107 -0.000390871 
0.767369 -0.000494339 
0.87464 0.000216825 
0.0527795 0.00142756 
0.667241 0.00192087 
0.705842 -0.000991424 
0.125716 -0.000560353 
0.296388 0.00141912 
0.706586 -0.000571292 
0.137012 -0.000548423 
0.214531 0.0013138 
0.533009 0.000455618 
0.701664 -0.00197499 
0.0707097 -0.000617819 
0.596826 0.00182098 
0.0560851 -0.00164643 
0.639773 0.00188608 
0.424914 -0.00127799 
0.740226 -0.00180918 
0.535211 -0.000136248 
0.705599 -0.00197303 
0.117 -0.000569933 
0.355239 0.00149551 
0.181729 -0.00123124 
0.833506 0.000832448 
0.649574 0.0010182 
0.516386 -0.00118565 
0.646411 -0.00201867 
0.466641 -0.00123832 
0.626013 -0.00198549 
0.273529 -0.00143359 
0.917124 -0.000307412 
0.38169 0.00175139 
0.991399 -0.00147633 
0.683356 0.00200849 
0.883861 -0.000808373 
0.127148 0.00150121 
0.298629 0.00142003 
0.684772 -0.00059849 
0.884295 -0.000809483 
0.130818 0.00150487 
0.272451 0.00138628 
0.944843 -0.000274854 
0.540275 0.00189935 
0.736156 -0.00194421 
0.48474 -0.00018871 
0.61945 -0.00201337 
0.21542 -0.00149187 
0.507431 0.000425693 
0.639539 -0.00201631 
0.399397 -0.00130657 
0.864677 -0.00163963 
0.950014 0.00132264 
0.573806 0.00193142 
0.901761 -0.00179489 
0.264513 0.00163628 
0.0269566 -0.00017304 
0.703708 0.00199129 
0.118348 -0.00056627 
0.3464 0.00148399 
0.252838 -0.00114085 
0.129658 -4.37255e-05 
0.271575 0.00138661 
0.953709 -0.00026384 
0.580409 0.00193471 
0.942928 -0.00175581 
0.522105 0.00188097 
0.678153 -0.00198925 
0.801833 -0.000895233 
0.284016 0.000640704 
0.824111 -0.00042443 
0.539846 0.000904759 
0.7286 -0.00195227 
0.392782 -0.000284135 
0.909293 -0.0015817 
0.320641 0.00169123 
0.478468 -0.000856626 
0.617323 -0.00200868 
0.19714 -0.00151013 
0.686584 0.000648913 
0.912263 -0.000779912 
0.346127 0.00171668 
0.256472 -0.00113643 
0.0925084 -8.98359e-05 
0.501732 0.00168882 
0.639525 -0.00200989 
0.399306 -0.00130666 
0.86519 -0.00163894 
0.954853 0.00132753 
0.59468 0.00194955 
0.041064 -0.00166099 
0.675351 0.00194328 
0.794261 -0.000900625 
0.195214 0.000548864 
0.717332 0.000685854 
0.272512 -0.000407375 
0.933533 -0.00028771 
0.481525 0.00184572 
0.63218 -0.00199534 
0.329865 -0.00137687 
0.377169 -0.000981584 
0.00548655 -0.00145529 
0.699117 0.00201038 
0.0646868 -0.00062175 
0.618697 0.00185252 
0.231956 -0.00147232 
0.340944 0.000218767 
0.290814 -0.00109174 
0.746321 -0.000520067 
0.617387 -5.0231e-05 
0.209359 -0.00149639 
0.567532 0.000500497 
0.856687 -0.00183875 
0.871934 0.00124339 
0.0344681 0.00140991 
0.704473 0.00198367 
0.127304 -0.000557009 
0.28526 0.00140474 
0.816266 -0.000434706 
0.452248 0.00081459 
0.664596 -0.00192559 
0.654613 -0.00104635 
0.555342 -0.0011473 
0.783132 -0.00190813 
0.0567636 0.000404913 
0.650031 0.00189691 
0.526229 -0.00117504 
0.671072 -0.00200191 
0.723893 -0.000975346 
0.341616 -0.000336663 
0.281834 -0.00110266 
0.835526 -0.000409057 
0.663769 0.00103196 
0.663432 -0.00103545 
0.647539 -0.00105304 
0.483631 -0.00122038 
0.613428 -0.00201893 
0.164177 -0.00154299 
0.988523 0.00102756 
0.693367 0.00202305 
0.998068 -0.000690568 
0.697187 0.00201658 
0.042253 -0.000644932 
0.679139 0.00194622 
0.83625 -0.000857435 
0.668798 0.00103683 
0.717355 -0.000980168 
0.26285 -0.000418324 
0.0316553 -0.000165848 
0.698785 0.00198042 
0.0606405 -0.00062595 
0.632063 0.00187221 
0.351832 -0.0013519 
0.191802 -0.001216 
0.739346 0.000714601 
0.539507 -0.000130398 
0.721151 -0.00196031 
0.302658 -0.000377608 
