0.0321744726044
0.0387201546331
0.036297700432
0.0380693493813
0.0387201546331
0.0380693493813
0.0401286176953
0.0401286176953
0.0434782608696
0.0417028828114
0.0417028828114
0.0387201546331
0.0434782608696
0.0538381902058
0.0455015755193
0.0538381902058
0.0521286035143
0.0521286035143
0.0557278212575
0.0578314931966
0.0505721737424
0.0601929265429
0.0601929265429
0.0385758374905
0.0435194139889
0.0456435464588
0.0464238345443
0.0456435464588
0.0481125224325
0.0481125224325
0.05
0.05
0.0645497224368
0.0573539334676
0.0645497224368
0.0668153104781
0.0625
0.0721687836487
0.0721687836487
0.0363696483727
0.0437688109532
0.0410304969931
0.0430331482912
0.0437688109532
0.0430331482912
0.0453609211627
0.0491473187183
0.0471404520791
0.0471404520791
0.0471404520791
0.0514344499874
0.0589255650989
0.068041381744
0.0653720450461
0.0629940788349
0.0571661950475
0.0653720450461
0.0374240594283
0.0450377349111
0.0422200330921
0.044280744277
0.044280744277
0.0505721737424
0.0485071250073
0.0485071250073
0.0505721737424
0.0556414884075
0.0648203723552
0.0588235294118
0.0648203723552
0.0672672793996
0.0672672793996
0.0648203723552
0.0700140042014
0.0385758374905
0.0464238345443
0.0435194139889
0.0464238345443
0.0456435464588
0.0481125224325
0.05
0.0521286035143
0.054554472559
0.0606339062591
0.0668153104781
0.0721687836487
0.0693375245282
0.0668153104781
0.0721687836487
0.0721687836487
0.0363696483727
0.0437688109532
0.0410304969931
0.0430331482912
0.0437688109532
0.0453609211627
0.0453609211627
0.0491473187183
0.0471404520791
0.0437688109532
0.060858061945
0.0514344499874
0.060858061945
0.0514344499874
0.068041381744
0.0629940788349
0.0653720450461
0.068041381744
0.0890870806375
0.107211253484
0.1490711985
0.0385758374905
0.0464238345443
0.0456435464588
0.0464238345443
0.0456435464588
0.0481125224325
0.0481125224325
0.0521286035143
0.0464238345443
0.0573539334676
0.0721687836487
0.0606339062591
0.0693375245282
0.0721687836487
0.0693375245282
0.0721687836487
0.0465242105199
0.0559892510956
0.0524863881081
0.0550481882563
0.0559892510956
0.0603022689156
0.0628694613462
0.0691714463866
0.0870388279778
0.0836242010007
0.0731272424127
0.0629940788349
0.0758098043579
0.0710669054519
0.07453559925
0.0816496580928
0.102062072616
0.0445435403187
0.0536056267419
0.050251890763
0.0536056267419
0.0527046276695
0.057735026919
0.0601929265429
0.07453559925
0.0721687836487
0.0833333333333
0.0800640769025
0.0833333333333
0.054554472559
0.0656532164299
0.0615457454897
0.0645497224368
0.068041381744
0.0707106781187
0.0980580675691
0.102062072616
0.0321744726044
0.0385758374905
0.0363696483727
0.0374240594283
0.0385758374905
0.0363696483727
0.0890870806375
0.0385758374905
0.0465242105199
0.0629940788349
0.0445435403187
0.054554472559
0.0286534127531
0.0268607654675
0.028171808491
0.0286534127531
0.028171808491
0.0296956935458
0.0296956935458
0.0321744726044
0.0308606699924
0.0308606699924
0.0308606699924
0.0286534127531
0.0398409536445
0.0353996162702
0.0336717514851
0.0398409536445
0.0336717514851
0.0412393049421
0.0385758374905
0.0374240594283
0.0427960492511
0.0412393049421
0.0374240594283
0.0427960492511
0.0445435403187
0.0412393049421
0.0427960492511
0.0427960492511
0.0445435403187
0.0445435403187
0.0387201546331
0.0437688109532
0.0450377349111
0.0464238345443
0.0437688109532
0.107211253484
0.0464238345443
0.0559892510956
0.0758098043579
0.0536056267419
0.0656532164299
0.0286534127531
0.0323254091918
0.033903175181
0.0344827586207
0.033903175181
0.0357370844946
0.0357370844946
0.0387201546331
0.0371390676354
0.0371390676354
0.0387201546331
0.0479463301485
0.0536056267419
0.0450377349111
0.0536056267419
0.0515026202625
0.0515026202625
0.0536056267419
0.036297700432
0.0435194139889
0.0410304969931
0.0422200330921
0.0435194139889
0.0410304969931
0.0524863881081
0.0710669054519
0.050251890763
0.0615457454897
0.0268607654675
0.0323254091918
0.0317820863082
0.0323254091918
0.0317820863082
0.0335012605086
0.0335012605086
0.036297700432
0.0348155311911
0.0348155311911
0.0323254091918
0.0449466574975
0.0379868588199
0.0379868588199
0.0465242105199
0.0435194139889
0.050251890763
0.0422200330921
0.0465242105199
0.0482804549585
0.050251890763
0.0482804549585
0.0482804549585
0.0380693493813
0.0456435464588
0.0430331482912
0.044280744277
0.0430331482912
0.0456435464588
0.0550481882563
0.07453559925
0.0645497224368
0.028171808491
0.033903175181
0.0317820863082
0.033903175181
0.0333333333333
0.0351364184463
0.0351364184463
0.0380693493813
0.036514837167
0.036514837167
0.036514837167
0.033903175181
0.0380693493813
0.0471404520791
0.0418853908292
0.0398409536445
0.0471404520791
0.0398409536445
0.0527046276695
0.0487950036474
0.0527046276695
0.0387201546331
0.0464238345443
0.0437688109532
0.0464238345443
0.0437688109532
0.0464238345443
0.0559892510956
0.0536056267419
0.0286534127531
0.0344827586207
0.0323254091918
0.033903175181
0.033903175181
0.0357370844946
0.0357370844946
0.0387201546331
0.0371390676354
0.0371390676354
0.0344827586207
0.0387201546331
0.0405220449237
0.0479463301485
0.0405220449237
0.0464238345443
0.0464238345443
0.0536056267419
0.0515026202625
0.0536056267419
0.0536056267419
0.0380693493813
0.0456435464588
0.0430331482912
0.044280744277
0.0456435464588
0.0456435464588
0.0527046276695
0.028171808491
0.033903175181
0.0317820863082
0.0333333333333
0.033903175181
0.0351364184463
0.0351364184463
0.036514837167
0.036514837167
0.036514837167
0.033903175181
0.0418853908292
0.0398409536445
0.0398409536445
0.0487950036474
0.0456435464588
0.044280744277
0.0487950036474
0.044280744277
0.0487950036474
0.0506369683542
0.0527046276695
0.0506369683542
0.0401286176953
0.0481125224325
0.0453609211627
0.0481125224325
0.0453609211627
0.0481125224325
0.0296956935458
0.0357370844946
0.0335012605086
0.0351364184463
0.0357370844946
0.0351364184463
0.037037037037
0.0401286176953
0.038490017946
0.0357370844946
0.0401286176953
0.0496903995
0.0441510785688
0.0419960525566
0.0514344499874
0.0481125224325
0.0466760028009
0.0514344499874
0.0533760512684
0.0533760512684
0.0555555555556
0.0401286176953
0.0481125224325
0.0453609211627
0.0481125224325
0.068041381744
0.0296956935458
0.0357370844946
0.0335012605086
0.0351364184463
0.0357370844946
0.0351364184463
0.037037037037
0.0401286176953
0.038490017946
0.038490017946
0.0357370844946
0.0419960525566
0.0481125224325
0.0514344499874
0.0533760512684
0.0466760028009
0.0555555555556
0.0533760512684
0.0533760512684
0.0555555555556
0.0533760512684
0.0533760512684
0.0434782608696
0.0491473187183
0.0505721737424
0.0491473187183
0.0521286035143
0.0321744726044
0.0387201546331
0.036297700432
0.0380693493813
0.0387201546331
0.0401286176953
0.0401286176953
0.0417028828114
0.0478364873235
0.0538381902058
0.0557278212575
0.0521286035143
0.0601929265429
0.0505721737424
0.0557278212575
0.0578314931966
0.0601929265429
0.0601929265429
0.0417028828114
0.05
0.0471404520791
0.0485071250073
0.05
0.0603022689156
0.0308606699924
0.0371390676354
0.036514837167
0.036514837167
0.038490017946
0.0417028828114
0.04
0.0371390676354
0.0516397779494
0.0458831467741
0.0436435780472
0.0516397779494
0.0436435780472
0.0534522483825
0.0534522483825
0.0554700196225
0.0554700196225
0.0534522483825
0.0554700196225
0.0417028828114
0.0471404520791
0.0485071250073
0.0471404520791
0.0816496580928
0.0308606699924
0.0348155311911
0.036514837167
0.0371390676354
0.036514837167
0.038490017946
0.04
0.04
0.0371390676354
0.0417028828114
0.0436435780472
0.0516397779494
0.0436435780472
0.05
0.0534522483825
0.0534522483825
0.057735026919
0.0534522483825
0.0554700196225
0.0554700196225
0.05
0.0471404520791
0.057735026919
0.0707106781187
0.0308606699924
0.0371390676354
0.0348155311911
0.036514837167
0.0371390676354
0.036514837167
0.038490017946
0.04
0.0417028828114
0.0516397779494
0.0458831467741
0.0516397779494
0.0534522483825
0.05
0.0534522483825
0.0554700196225
0.0534522483825
0.0554700196225
0.0534522483825
0.0554700196225
0.057735026919
0.0387201546331
0.0437688109532
0.0464238345443
0.0286534127531
0.0323254091918
0.033903175181
0.0344827586207
0.033903175181
0.0357370844946
0.0357370844946
0.0371390676354
0.0371390676354
0.0387201546331
0.0479463301485
0.0426014322842
0.0405220449237
0.0496291666985
0.0536056267419
0.0464238345443
0.0450377349111
0.0496291666985
0.0515026202625
0.0496291666985
0.0515026202625
0.0515026202625
0.0496291666985
0.0515026202625
0.0515026202625
0.0536056267419
0.0434782608696
0.0505721737424
0.0521286035143
0.0628694613462
0.0601929265429
0.0387201546331
0.0380693493813
0.0387201546331
0.0401286176953
0.0417028828114
0.0417028828114
0.0387201546331
0.0455015755193
0.0557278212575
0.0521286035143
0.0557278212575
0.0557278212575
0.0578314931966
0.0578314931966
0.0557278212575
0.0578314931966
0.0578314931966
0.0601929265429
0.0538381902058
0.0645497224368
0.060858061945
0.07453559925
0.0398409536445
0.0479463301485
0.0449466574975
0.0471404520791
0.0496903995
0.0516397779494
0.0516397779494
0.0479463301485
0.0716114874039
0.0626224291085
0.07453559925
0.0573539334676
0.0556414884075
0.0573539334676
0.0691714463866
0.0353996162702
0.0418853908292
0.0418853908292
0.0441510785688
0.0478364873235
0.0458831467741
0.0458831467741
0.0426014322842
0.0592348877759
0.0500626174322
0.0573539334676
0.0662266178533
0.0573539334676
0.0636284762976
0.0636284762976
0.0455015755193
0.0514344499874
0.054554472559
0.0514344499874
0.0336717514851
0.0379868588199
0.0398409536445
0.0405220449237
0.0398409536445
0.0419960525566
0.0436435780472
0.0436435780472
0.054554472559
0.054554472559
0.0529256124025
0.058321184352
0.0605227532669
0.0605227532669
0.0605227532669
0.0605227532669
0.0629940788349
0.0538381902058
0.0645497224368
0.060858061945
0.1490711985
0.0398409536445
0.0471404520791
0.0479463301485
0.0538381902058
0.0516397779494
0.0516397779494
0.0516397779494
0.0592348877759
0.07453559925
0.0645497224368
0.0626224291085
0.0514344499874
0.0336717514851
0.0379868588199
0.0398409536445
0.0405220449237
0.0398409536445
0.0419960525566
0.0436435780472
0.0436435780472
0.0405220449237
0.0455015755193
0.0500626174322
0.058321184352
0.054554472559
0.0529256124025
0.058321184352
0.0605227532669
0.058321184352
0.0529256124025
0.0605227532669
0.0629940788349
0.0668153104781
0.0648203723552
0.0412393049421
0.0465242105199
0.0487950036474
0.0514344499874
0.0557278212575
0.0534522483825
0.0534522483825
0.0496291666985
0.0557278212575
0.058321184352
0.077151674981
0.0741249316661
0.0521286035143
0.0589255650989
0.102062072616
0.0721687836487
0.0435194139889
0.0464238345443
0.0481125224325
0.0481125224325
0.0521286035143
0.0521286035143
0.0573539334676
0.054554472559
0.0693375245282
0.0606339062591
0.0693375245282
0.0693375245282
0.068041381744
0.068041381744
0.0721687836487
0.0870388279778
0.0833333333333
0.0536056267419
0.050251890763
0.0527046276695
0.0601929265429
0.0536056267419
0.0662266178533
0.07453559925
0.0521286035143
0.0625
0.0385758374905
0.0464238345443
0.0456435464588
0.05
0.05
0.0464238345443
0.0573539334676
0.054554472559
0.0645497224368
0.054554472559
0.0606339062591
0.0668153104781
0.0693375245282
0.0721687836487
0.0588235294118
0.0606339062591
0.0374240594283
0.0450377349111
0.0422200330921
0.044280744277
0.0466760028009
0.0505721737424
0.0450377349111
0.0529256124025
0.0626224291085
0.0529256124025
0.0588235294118
0.0672672793996
0.0648203723552
0.0700140042014
0.0700140042014
0.0557278212575
0.0629940788349
0.0465242105199
0.0514344499874
0.0514344499874
0.0557278212575
0.0534522483825
0.0534522483825
0.0534522483825
0.0496291666985
0.0557278212575
0.058321184352
0.0741249316661
0.077151674981
0.0578314931966
0.0653720450461
0.0836242010007
0.0427960492511
0.0533760512684
0.0533760512684
0.0554700196225
0.0515026202625
0.0716114874039
0.0605227532669
0.0693375245282
0.0741249316661
0.0800640769025
0.0629940788349
0.0648203723552
0.0668153104781
0.0412393049421
0.0487950036474
0.0487950036474
0.0534522483825
0.0534522483825
0.0496291666985
0.0557278212575
0.058321184352
0.058321184352
0.077151674981
0.0741249316661
0.0505721737424
0.0571661950475
0.0606339062591
0.0731272424127
0.0374240594283
0.044280744277
0.0466760028009
0.0626224291085
0.0529256124025
0.0606339062591
0.0606339062591
0.0588235294118
0.0648203723552
0.0700140042014
0.0672672793996
0.0672672793996
0.0700140042014
0.0672672793996
0.0693375245282
0.0427960492511
0.0482804549585
0.0578314931966
0.0554700196225
0.0554700196225
0.0515026202625
0.0578314931966
0.0605227532669
0.0605227532669
0.0693375245282
0.0769230769231
0.0601929265429
0.0721687836487
0.0721687836487
0.0445435403187
0.050251890763
0.0536056267419
0.0555555555556
0.0601929265429
0.057735026919
0.07453559925
0.0629940788349
0.0800640769025
0.0653720450461
0.0672672793996
0.0693375245282
0.0800640769025
0.0533760512684
0.0533760512684
0.0554700196225
0.0515026202625
0.0578314931966
0.0605227532669
0.0672672793996
0.0769230769231
0.0769230769231
0.0648203723552
0.0668153104781
0.0412393049421
0.0487950036474
0.0534522483825
0.0534522483825
0.0534522483825
0.0496291666985
0.0557278212575
0.0668153104781
0.0648203723552
0.0648203723552
0.077151674981
0.0741249316661
0.0653720450461
0.0427960492511
0.0482804549585
0.0515026202625
0.0506369683542
0.0533760512684
0.0554700196225
0.0554700196225
0.0515026202625
0.0636284762976
0.0605227532669
0.0693375245282
0.0800640769025
0.0721687836487
0.0721687836487
0.0536056267419
0.0527046276695
0.0536056267419
0.0527046276695
0.0555555555556
0.077151674981
0.0721687836487
0.077151674981
0.0700140042014
0.077151674981
0.0693375245282
0.0980580675691
0.0515026202625
0.0506369683542
0.0533760512684
0.0554700196225
0.0515026202625
0.0578314931966
0.0636284762976
0.0605227532669
0.0741249316661
0.0672672793996
0.0769230769231
0.0427960492511
0.0515026202625
0.0482804549585
0.0533760512684
0.0554700196225
0.0578314931966
0.0693375245282
0.0741249316661
0.0672672793996
0.0769230769231
0.0741249316661
0.0769230769231
0.0800640769025
0.0721687836487
0.0721687836487
0.0721687836487
0.0833333333333
0.0445435403187
0.0536056267419
0.0536056267419
0.0555555555556
0.0601929265429
0.0629940788349
0.0700140042014
0.0800640769025
0.0601929265429
0.0700140042014
0.068041381744
0.102062072616
0.0445435403187
0.0601929265429
0.057735026919
0.0536056267419
0.0700140042014
0.077151674981
0.0700140042014
0.0800640769025
