0.123091490979
0.144337567297
0.154303349962
0.288675134595
0.204124145232
0.408248290464
0.123091490979
0.213200716356
0.174077655956
0.301511344578
0.213200716356
0.301511344578
0.301511344578
0.301511344578
0.301511344578
0.301511344578
0.301511344578
0.144337567297
0.176776695297
0.176776695297
0.353553390593
0.25
0.353553390593
0.353553390593
0.353553390593
0.176776695297
0.353553390593
0.5
0.5
0.176776695297
0.5
0.5
0.5
0.154303349962
0.377964473009
0.377964473009
0.267261241912
0.377964473009
0.267261241912
0.377964473009
0.353553390593
0.353553390593
0.5
0.377964473009
0.5
0.213200716356
0.707106781187
0.288675134595
0.707106781187
0.174077655956
0.57735026919
0.57735026919
0.25
0.707106781187
0.707106781187
0.204124145232
0.353553390593
0.5
0.5
0.5
0.707106781187
0.57735026919
0.5
0.5
0.5
0.301511344578
0.213200716356
0.707106781187
0.57735026919
0.707106781187
0.301511344578
0.353553390593
0.707106781187
0.301511344578
0.5
0.707106781187
0.353553390593
0.707106781187
0.377964473009
0.267261241912
0.707106781187
0.377964473009
0.707106781187
0.408248290464
0.301511344578
0.707106781187
0.301511344578
0.353553390593
0.267261241912
0.707106781187
0.707106781187
0.301511344578
0.353553390593
0.5
0.377964473009
0.707106781187
0.5
0.301511344578
