0.0382359556451
0.0392837100659
0.0387492129146
0.0404226041727
0.0430331482912
0.050251890763
0.0462250163521
0.0410304969931
0.0445435403187
0.0445435403187
0.0471404520791
0.0540738070436
0.0491473187183
0.0540738070436
0.0589255650989
0.0653720450461
0.0653720450461
0.0629940788349
0.0405553552827
0.0410997468263
0.0428746462856
0.0435194139889
0.0456435464588
0.0533001790889
0.0472455591262
0.0435194139889
0.054554472559
0.0589255650989
0.0573539334676
0.0521286035143
0.0645497224368
0.0693375245282
0.0693375245282
0.0668153104781
0.0324442842262
0.0333333333333
0.0328797974611
0.0342997170285
0.0348155311911
0.036514837167
0.0377964473009
0.0392232270276
0.0348155311911
0.0377964473009
0.04
0.0436435780472
0.0458831467741
0.0436435780472
0.0458831467741
0.0458831467741
0.0485071250073
0.05
0.0554700196225
0.0554700196225
0.0554700196225
0.0554700196225
0.0534522483825
0.0554700196225
0.0554700196225
0.0811107105654
0.0833333333333
0.0821994936527
0.0857492925713
0.0540738070436
0.0555555555556
0.0547996624351
0.0571661950475
0.0580258853186
0.060858061945
0.0629940788349
0.0629940788349
0.0764719112902
0.0405553552827
0.0416666666667
0.0410997468263
0.0428746462856
0.0456435464588
0.0533001790889
0.0472455591262
0.0435194139889
0.0472455591262
0.0472455591262
0.0521286035143
0.0573539334676
0.0606339062591
0.0693375245282
0.0693375245282
0.0668153104781
0.0540738070436
0.0555555555556
0.0571661950475
0.0580258853186
0.0710669054519
0.0764719112902
0.0924500327042
0.0890870806375
0.0924500327042
0.0433554984762
0.0445435403187
0.0465242105199
0.0487950036474
0.0569802882298
0.0505076272276
0.0524142418361
0.0465242105199
0.0534522483825
0.0629940788349
0.0613139339485
0.0613139339485
0.0648203723552
0.0741249316661
0.0418853908292
0.0430331482912
0.0424476359978
0.044280744277
0.0449466574975
0.0550481882563
0.0487950036474
0.0506369683542
0.0563436169819
0.0538381902058
0.0592348877759
0.0626224291085
0.0645497224368
0.0716114874039
0.0716114874039
0.0393444737682
0.0404226041727
0.0398726111414
0.0422200330921
0.0517087689995
0.0458349248514
0.0458349248514
0.0485071250073
0.0556414884075
0.0505721737424
0.0626224291085
0.0588235294118
0.0672672793996
0.0606339062591
0.0672672793996
0.0672672793996
0.0672672793996
0.0540738070436
0.0555555555556
0.0547996624351
0.0571661950475
0.060858061945
0.0580258853186
0.0695048046857
0.0808452083454
0.0924500327042
0.0512989176043
0.0527046276695
0.051987524491
0.0550481882563
0.0674199862463
0.0620173672946
0.0816496580928
0.0766964988847
0.0766964988847
0.0877058019307
0.0433554984762
0.0445435403187
0.0439374775164
0.0458349248514
0.0465242105199
0.0487950036474
0.0524142418361
0.0505076272276
0.0505076272276
0.0741249316661
0.0648203723552
0.0668153104781
0.0741249316661
0.0741249316661
0.0382359556451
0.0405553552827
0.0324442842262
0.0811107105654
0.0540738070436
0.0405553552827
0.0540738070436
0.0433554984762
0.0418853908292
0.0393444737682
0.0540738070436
0.0512989176043
0.0433554984762
0.0270369035218
0.0266690373531
0.0278207442037
0.0282391247362
0.029617443888
0.0345857231933
0.0306569669742
0.0318142381488
0.0282391247362
0.0306569669742
0.0306569669742
0.0324442842262
0.0353996162702
0.0382359556451
0.0372161463782
0.0372161463782
0.0372161463782
0.0393444737682
0.0449921270666
0.0393444737682
0.0449921270666
0.0449921270666
0.0449921270666
0.0449921270666
0.0449921270666
0.0392837100659
0.0333333333333
0.0833333333333
0.0555555555556
0.0416666666667
0.0555555555556
0.0445435403187
0.0430331482912
0.0404226041727
0.0555555555556
0.0527046276695
0.0445435403187
0.0270369035218
0.0273998312176
0.0285830975238
0.0290129426593
0.0304290309725
0.0355334527259
0.0314970394174
0.032686022523
0.0314970394174
0.0314970394174
0.0333333333333
0.0363696483727
0.0392837100659
0.0382359556451
0.0382359556451
0.0363696483727
0.0416666666667
0.0404226041727
0.0462250163521
0.0462250163521
0.0462250163521
0.0462250163521
0.0445435403187
0.0462250163521
0.0387492129146
0.0410997468263
0.0328797974611
0.0821994936527
0.0547996624351
0.0410997468263
0.0424476359978
0.0398726111414
0.0547996624351
0.051987524491
0.0439374775164
0.0266690373531
0.0273998312176
0.0281941937217
0.0286181903516
0.0300150112594
0.0310684883001
0.032241294011
0.0286181903516
0.0310684883001
0.0310684883001
0.0328797974611
0.0358748001667
0.0387492129146
0.0377157143202
0.0342795585096
0.0358748001667
0.0377157143202
0.0424476359978
0.0398726111414
0.0455960752588
0.0410997468263
0.0455960752588
0.0455960752588
0.0455960752588
0.0439374775164
0.0455960752588
0.0404226041727
0.0428746462856
0.0342997170285
0.0857492925713
0.0571661950475
0.0428746462856
0.0571661950475
0.044280744277
0.0571661950475
0.0458349248514
0.0278207442037
0.0285830975238
0.0281941937217
0.0298540717013
0.0313112145543
0.0365636212064
0.0324101861776
0.0336336396998
0.0298540717013
0.0342997170285
0.0374240594283
0.0404226041727
0.0357599269926
0.0374240594283
0.0393444737682
0.044280744277
0.0415945165404
0.0428746462856
0.0475651494154
0.0475651494154
0.0475651494154
0.0475651494154
0.0475651494154
0.0475651494154
0.0435194139889
0.0348155311911
0.0580258853186
0.0580258853186
0.0465242105199
0.0449466574975
0.0422200330921
0.0550481882563
0.0465242105199
0.0282391247362
0.0290129426593
0.0286181903516
0.0298540717013
0.0317820863082
0.0371134809513
0.032897584748
0.0341394370999
0.030303030303
0.032897584748
0.032897584748
0.0348155311911
0.0379868588199
0.0410304969931
0.036297700432
0.0379868588199
0.0399361531915
0.0435194139889
0.0422200330921
0.0482804549585
0.0435194139889
0.0482804549585
0.0482804549585
0.0465242105199
0.0430331482912
0.0456435464588
0.036514837167
0.060858061945
0.0456435464588
0.0487950036474
0.060858061945
0.0487950036474
0.029617443888
0.0304290309725
0.0300150112594
0.0313112145543
0.0317820863082
0.0389249472081
0.0345032779671
0.035805743702
0.0317820863082
0.0345032779671
0.036514837167
0.0398409536445
0.0430331482912
0.0380693493813
0.0418853908292
0.0418853908292
0.044280744277
0.0506369683542
0.044280744277
0.0506369683542
0.0456435464588
0.0506369683542
0.050251890763
0.0533001790889
0.0533001790889
0.0710669054519
0.0569802882298
0.0550481882563
0.0517087689995
0.0674199862463
0.0345857231933
0.0355334527259
0.0365636212064
0.0371134809513
0.0389249472081
0.0402911482013
0.0426401432711
0.0465242105199
0.0489115988045
0.0444554224474
0.0465242105199
0.0489115988045
0.0591312395989
0.0517087689995
0.0472455591262
0.0377964473009
0.0472455591262
0.0505076272276
0.0487950036474
0.0458349248514
0.0306569669742
0.0314970394174
0.0310684883001
0.0324101861776
0.032897584748
0.0345032779671
0.0402911482013
0.0370624658331
0.032897584748
0.0357142857143
0.0357142857143
0.0377964473009
0.0445435403187
0.0433554984762
0.0433554984762
0.0487950036474
0.0458349248514
0.0472455591262
0.0524142418361
0.0524142418361
0.0524142418361
0.0524142418361
0.0462250163521
0.0392232270276
0.0524142418361
0.0506369683542
0.0620173672946
0.0524142418361
0.0318142381488
0.032686022523
0.032241294011
0.0336336396998
0.0341394370999
0.035805743702
0.0370624658331
0.0341394370999
0.0370624658331
0.0370624658331
0.0427960492511
0.0449921270666
0.0427960492511
0.0449921270666
0.0506369683542
0.0475651494154
0.0490290337845
0.054392829322
0.054392829322
0.054392829322
0.0410304969931
0.0435194139889
0.0348155311911
0.0435194139889
0.0465242105199
0.0580258853186
0.0282391247362
0.0286181903516
0.0298540717013
0.030303030303
0.0317820863082
0.032897584748
0.0341394370999
0.032897584748
0.032897584748
0.0348155311911
0.0379868588199
0.0410304969931
0.0399361531915
0.0379868588199
0.0399361531915
0.0399361531915
0.0449466574975
0.0422200330921
0.0435194139889
0.0422200330921
0.0482804549585
0.0435194139889
0.0482804549585
0.0482804549585
0.0482804549585
0.0482804549585
0.0482804549585
0.0445435403187
0.0377964473009
0.0629940788349
0.0472455591262
0.0505076272276
0.0306569669742
0.0314970394174
0.0310684883001
0.032897584748
0.0345032779671
0.0357142857143
0.0370624658331
0.032897584748
0.0357142857143
0.0445435403187
0.0433554984762
0.0433554984762
0.039405520312
0.0412393049421
0.0433554984762
0.0458349248514
0.0458349248514
0.0524142418361
0.0524142418361
0.0472455591262
0.0505076272276
0.0524142418361
0.0524142418361
0.0445435403187
0.0629940788349
0.0472455591262
0.0458349248514
0.0505076272276
0.0306569669742
0.0314970394174
0.0310684883001
0.032897584748
0.0357142857143
0.0370624658331
0.032897584748
0.0357142857143
0.0412393049421
0.0445435403187
0.0433554984762
0.0433554984762
0.0433554984762
0.0433554984762
0.0458349248514
0.0458349248514
0.0524142418361
0.0472455591262
0.0524142418361
0.0524142418361
0.0505076272276
0.0524142418361
0.0524142418361
0.0471404520791
0.04
0.0534522483825
0.0485071250073
0.0324442842262
0.0333333333333
0.0328797974611
0.0342997170285
0.0348155311911
0.036514837167
0.0426401432711
0.0377964473009
0.0348155311911
0.0471404520791
0.0458831467741
0.0458831467741
0.0417028828114
0.0436435780472
0.0458831467741
0.0516397779494
0.0485071250073
0.0485071250073
0.05
0.05
0.0554700196225
0.054554472559
0.0436435780472
0.0563436169819
0.0353996162702
0.0363696483727
0.0358748001667
0.0374240594283
0.0379868588199
0.0398409536445
0.0465242105199
0.0427960492511
0.0379868588199
0.0412393049421
0.0500626174322
0.047619047619
0.0500626174322
0.0529256124025
0.0605227532669
0.054554472559
0.0605227532669
0.0605227532669
0.0589255650989
0.0629940788349
0.0382359556451
0.0392837100659
0.0387492129146
0.0404226041727
0.0410304969931
0.0430331482912
0.0445435403187
0.0410304969931
0.0445435403187
0.0445435403187
0.0471404520791
0.0540738070436
0.0540738070436
0.0514344499874
0.0589255650989
0.0653720450461
0.0573539334676
0.0458831467741
0.0613139339485
0.0556414884075
0.0372161463782
0.0382359556451
0.0433554984762
0.0449921270666
0.0433554984762
0.0433554984762
0.0458831467741
0.0500626174322
0.0540738070436
0.0526315789474
0.0526315789474
0.0592348877759
0.0556414884075
0.0556414884075
0.0636284762976
0.0540738070436
0.0764719112902
0.0613139339485
0.0372161463782
0.0382359556451
0.0377157143202
0.0489115988045
0.0399361531915
0.0433554984762
0.0433554984762
0.0458831467741
0.0540738070436
0.0526315789474
0.0526315789474
0.0556414884075
0.0573539334676
0.0636284762976
0.0636284762976
0.0636284762976
0.0491473187183
0.0521286035143
0.0521286035143
0.0538381902058
0.0505721737424
0.0695048046857
0.0342795585096
0.0357599269926
0.036297700432
0.0380693493813
0.0444554224474
0.039405520312
0.0417028828114
0.0455015755193
0.0478364873235
0.0478364873235
0.0538381902058
0.0505721737424
0.0521286035143
0.0578314931966
0.0578314931966
0.0578314931966
0.0557278212575
0.0436435780472
0.0363696483727
0.0358748001667
0.0374240594283
0.0379868588199
0.0465242105199
0.0427960492511
0.0379868588199
0.0412393049421
0.0436435780472
0.047619047619
0.0514344499874
0.0455015755193
0.0563436169819
0.0529256124025
0.0529256124025
0.0605227532669
0.0605227532669
0.058321184352
0.0605227532669
0.0605227532669
0.0540738070436
0.0458831467741
0.0592348877759
0.0377157143202
0.0393444737682
0.0399361531915
0.0418853908292
0.0489115988045
0.0449921270666
0.0399361531915
0.0433554984762
0.0433554984762
0.0478364873235
0.0573539334676
0.0636284762976
0.0556414884075
0.0636284762976
0.0636284762976
0.0636284762976
0.0458831467741
0.0764719112902
0.0573539334676
0.0372161463782
0.0418853908292
0.0433554984762
0.0399361531915
0.0433554984762
0.0458831467741
0.0500626174322
0.0526315789474
0.0526315789474
0.0478364873235
0.0592348877759
0.0556414884075
0.0636284762976
0.0636284762976
0.0636284762976
0.0636284762976
0.0645497224368
0.0626224291085
0.0816496580928
0.0424476359978
0.044280744277
0.0487950036474
0.0506369683542
0.0449466574975
0.0516397779494
0.0592348877759
0.0538381902058
0.0563436169819
0.0592348877759
0.0626224291085
0.0716114874039
0.0808452083454
0.0393444737682
0.044280744277
0.0458349248514
0.0475651494154
0.0458349248514
0.0485071250073
0.0529256124025
0.0556414884075
0.0556414884075
0.0505721737424
0.0529256124025
0.0556414884075
0.0606339062591
0.0672672793996
0.0672672793996
0.0672672793996
0.0485071250073
0.0606339062591
0.0648203723552
0.0626224291085
0.0588235294118
0.0766964988847
0.0398726111414
0.0415945165404
0.0422200330921
0.0458349248514
0.0458349248514
0.0485071250073
0.0626224291085
0.0588235294118
0.0672672793996
0.0672672793996
0.0672672793996
0.0589255650989
0.05
0.0416666666667
0.0428746462856
0.0435194139889
0.0472455591262
0.0490290337845
0.0435194139889
0.05
0.0589255650989
0.0573539334676
0.0521286035143
0.0573539334676
0.0693375245282
0.0668153104781
0.0693375245282
0.0693375245282
0.0554700196225
0.0672672793996
0.0741249316661
0.0449921270666
0.0506369683542
0.0591312395989
0.0524142418361
0.0524142418361
0.0605227532669
0.0578314931966
0.0636284762976
0.0716114874039
0.0766964988847
0.0648203723552
0.0393444737682
0.0404226041727
0.0422200330921
0.044280744277
0.0517087689995
0.0422200330921
0.0458349248514
0.0556414884075
0.0529256124025
0.0556414884075
0.0588235294118
0.0606339062591
0.0672672793996
0.0672672793996
0.0672672793996
0.0653720450461
0.0693375245282
0.0449921270666
0.0455960752588
0.0475651494154
0.0482804549585
0.0506369683542
0.054392829322
0.0482804549585
0.0524142418361
0.0524142418361
0.0636284762976
0.0672672793996
0.0645497224368
0.0606339062591
0.0668153104781
0.0410997468263
0.0435194139889
0.0456435464588
0.0435194139889
0.0472455591262
0.0472455591262
0.05
0.054554472559
0.0606339062591
0.0606339062591
0.0693375245282
0.0693375245282
0.0693375245282
0.0693375245282
0.0924500327042
0.0716114874039
0.0672672793996
0.0924500327042
0.0449921270666
0.0482804549585
0.0524142418361
0.0636284762976
0.0636284762976
0.0693375245282
0.0672672793996
0.0693375245282
0.0554700196225
0.0877058019307
0.0741249316661
0.0449921270666
0.0462250163521
0.0475651494154
0.0482804549585
0.054392829322
0.0482804549585
0.0524142418361
0.0605227532669
0.0636284762976
0.0672672793996
0.0554700196225
0.0741249316661
0.0672672793996
0.0449921270666
0.0462250163521
0.0455960752588
0.0475651494154
0.0524142418361
0.054392829322
0.0636284762976
0.0636284762976
0.0672672793996
0.0693375245282
0.0693375245282
0.0741249316661
0.0462250163521
0.0455960752588
0.0475651494154
0.0482804549585
0.0605227532669
0.0636284762976
0.0578314931966
0.0605227532669
0.0636284762976
0.0672672793996
0.0672672793996
0.0653720450461
0.0554700196225
0.0716114874039
0.0672672793996
0.0449921270666
0.0462250163521
0.0455960752588
0.0482804549585
0.0482804549585
0.0653720450461
0.0578314931966
0.0605227532669
0.0672672793996
0.0629940788349
0.0668153104781
0.0534522483825
0.0668153104781
0.0890870806375
0.0445435403187
0.0439374775164
0.0465242105199
0.0505076272276
0.0505076272276
0.0557278212575
0.058321184352
0.0668153104781
0.0741249316661
0.0554700196225
0.0924500327042
0.0475651494154
0.0524142418361
0.0524142418361
0.0524142418361
0.0636284762976
0.0636284762976
0.0605227532669
0.0672672793996
0.0693375245282
0.0693375245282
0.0741249316661
0.0554700196225
0.0462250163521
0.0455960752588
0.0475651494154
0.0506369683542
0.0524142418361
0.0482804549585
0.0524142418361
0.0524142418361
0.0554700196225
0.0605227532669
0.0636284762976
0.0672672793996
