0.0 3
0.1 4
0.2 5
0.3 4
0.4 4
0.5 4
0.6 4
0.7 4
0.8 4
0.9 4
1.0 4
1.1 4
1.2 4
1.3 4
1.4 4
1.5 4
1.6 4
1.7 3
1.8 4
1.9 4
2.0 4
2.1 3
2.2 4
2.3 4
2.4 4
2.5 4
2.6 4
2.7 4
2.8 3
2.9 4
3.0 4
3.1 4
3.2 3
3.3 4
3.4 4
3.5 4
3.6 3
3.7 4
3.8 5
3.9 4
4.0 4
4.1 4
4.2 4
4.3 3
4.4 4
4.5 4
4.6 4
4.7 4
4.8 3
4.9 4
5.0 4
5.1 4
5.2 3
5.3 5
5.4 4
5.5 4
5.6 5
5.7 4
5.8 4
5.9 4
6.0 4
6.1 4
6.2 5
6.3 3
6.4 4
6.5 4
6.6 3
6.7 3
6.8 4
6.9 4
7.0 4
7.1 4
7.2 3
7.3 5
7.4 4
7.5 4
7.6 4
7.7 5
7.8 4
7.9 3
8.0 4
8.1 4
8.2 4
8.3 3
8.4 3
8.5 4
8.6 4
8.7 3
8.8 5
8.9 5
9.0 4
9.1 5
9.2 5
9.3 4
9.4 4
9.5 4
9.6 4
9.7 4
9.8 3
9.9 3
10.0 4
10.1 3
10.2 3
10.3 3
10.4 5
10.5 4
10.6 4
10.7 5
10.8 4
10.9 4
11.0 3
11.1 4
11.2 4
11.3 5
11.4 3
11.5 3
11.6 4
11.7 4
11.8 4
11.9 4
12.0 4
12.1 4
12.2 5
12.3 4
12.4 4
12.5 4
12.6 4
12.7 3
12.8 4
12.9 4
13.0 4
13.1 4
13.2 3
13.3 4
13.4 4
13.5 4
13.6 3
13.7 5
13.8 4
13.9 4
14.0 5
14.1 4
14.2 4
14.3 4
14.4 4
14.5 4
14.6 4
14.7 3
14.8 3
14.9 4
15.0 3
15.1 3
15.2 4
15.3 4
15.4 4
15.5 4
15.6 5
15.7 4
15.8 4
15.9 4
16.0 4
16.1 5
16.2 4
16.3 3
16.4 3
16.5 4
16.6 4
16.7 4
16.8 4
16.9 3
17.0 4
17.1 4
17.2 4
17.3 4
17.4 4
17.5 4
17.6 4
17.7 4
17.8 4
17.9 4
18.0 4
18.1 3
18.2 4
18.3 4
18.4 4
18.5 4
18.6 4
18.7 4
18.8 4
18.9 5
19.0 4
19.1 4
19.2 3
19.3 4
19.4 4
19.5 4
19.6 3
19.7 3
19.8 4
19.9 4
20.0 4
20.1 4
20.2 4
20.3 4
20.4 5
20.5 4
20.6 4
20.7 4
20.8 4
20.9 3
21.0 4
21.1 4
21.2 4
21.3 4
21.4 4
21.5 4
21.6 4
21.7 4
21.8 4
21.9 4
22.0 3
22.1 4
22.2 4
22.3 4
22.4 3
22.5 3
22.6 4
22.7 5
22.8 4
22.9 4
23.0 4
23.1 4
23.2 5
23.3 4
23.4 4
23.5 5
23.6 4
23.7 3
23.8 3
23.9 4
24.0 4
24.1 4
24.2 3
24.3 3
24.4 4
24.5 4
24.6 4
24.7 4
24.8 4
24.9 4
25.0 5
25.1 4
25.2 4
25.3 4
25.4 4
25.5 3
25.6 4
25.7 4
25.8 4
25.9 4
26.0 4
26.1 4
26.2 4
26.3 5
26.4 4
26.5 4
26.6 3
26.7 4
26.8 4
26.9 4
27.0 3
27.1 3
27.2 4
27.3 4
27.4 4
27.5 4
27.6 4
27.7 4
27.8 5
27.9 4
28.0 4
28.1 4
28.2 4
28.3 4
28.4 4
28.5 4
28.6 4
28.7 4
28.8 4
28.9 4
29.0 4
29.1 4
29.2 4
29.3 3
29.4 4
29.5 4
29.6 4
29.7 3
29.8 4
29.9 4
30.0 4
30.1 4
30.2 4
30.3 4
30.4 3
30.5 4
30.6 4
30.7 5
30.8 3
30.9 3
31.0 4
31.1 4
31.2 4
31.3 4
31.4 4
31.5 3
31.6 4
31.7 4
31.8 4
31.9 4
32.0 3
32.1 5
32.2 4
32.3 4
32.4 5
32.5 5
32.6 4
32.7 4
32.8 4
32.9 4
33.0 4
33.1 3
33.2 3
33.3 4
33.4 3
33.5 3
33.6 4
33.7 4
33.8 4
33.9 4
34.0 4
34.1 4
34.2 5
34.3 4
34.4 4
34.5 4
34.6 4
34.7 3
34.8 4
34.9 4
35.0 4
35.1 4
35.2 3
35.3 3
35.4 4
35.5 4
35.6 4
35.7 4
35.8 3
35.9 4
36.0 5
36.1 4
36.2 4
36.3 5
36.4 4
36.5 4
36.6 4
36.7 4
36.8 4
36.9 4
37.0 3
37.1 3
37.2 4
37.3 4
37.4 4
37.5 4
37.6 3
37.7 4
37.8 5
37.9 4
38.0 4
38.1 4
38.2 4
38.3 4
38.4 4
38.5 4
38.6 4
38.7 4
38.8 4
38.9 4
39.0 4
39.1 4
39.2 4
39.3 4
39.4 4
39.5 4
39.6 4
39.7 4
39.8 4
39.9 4
40.0 4
40.1 4
40.2 4
40.3 3
40.4 4
40.5 4
40.6 4
40.7 3
40.8 4
40.9 4
41.0 4
41.1 5
41.2 4
41.3 4
41.4 3
41.5 4
41.6 4
41.7 5
41.8 3
41.9 3
42.0 4
42.1 3
42.2 4
42.3 4
42.4 4
42.5 4
42.6 4
42.7 4
42.8 4
42.9 4
43.0 3
43.1 5
43.2 4
43.3 4
43.4 5
43.5 4
43.6 4
43.7 3
43.8 4
43.9 4
44.0 4
44.1 3
44.2 3
44.3 4
44.4 3
44.5 3
44.6 4
44.7 5
44.8 4
44.9 4
45.0 4
45.1 4
45.2 5
45.3 4
45.4 4
45.5 5
45.6 4
45.7 3
45.8 4
45.9 4
46.0 4
46.1 4
46.2 3
46.3 3
46.4 4
46.5 4
46.6 4
46.7 4
46.8 3
46.9 5
47.0 5
47.1 4
47.2 5
47.3 5
47.4 4
47.5 4
47.6 4
47.7 4
47.8 5
47.9 3
48.0 3
48.1 4
48.2 3
48.3 3
48.4 4
48.5 3
48.6 3
48.7 4
48.8 4
48.9 4
49.0 4
49.1 3
49.2 5
49.3 5
49.4 4
49.5 4
49.6 5
49.7 4
49.8 3
49.9 4
50.0 4
50.1 4
50.2 3
50.3 3
50.4 4
50.5 4
50.6 3
50.7 4
50.8 4
50.9 4
51.0 4
51.1 4
51.2 3
51.3 5
51.4 4
51.5 4
51.6 5
51.7 4
51.8 4
51.9 4
52.0 4
52.1 4
52.2 5
52.3 3
52.4 3
52.5 4
52.6 3
52.7 3
52.8 4
52.9 4
53.0 4
53.1 4
53.2 3
53.3 5
53.4 5
53.5 4
53.6 5
53.7 5
53.8 4
53.9 4
54.0 4
54.1 4
54.2 5
54.3 3
54.4 3
54.5 4
54.6 3
54.7 3
54.8 4
54.9 3
55.0 3
55.1 4
55.2 4
55.3 4
55.4 4
55.5 3
55.6 5
55.7 5
55.8 4
55.9 5
56.0 5
56.1 4
56.2 4
56.3 4
56.4 4
56.5 5
56.6 3
56.7 3
56.8 4
56.9 3
57.0 3
57.1 4
57.2 3
57.3 3
57.4 4
57.5 4
57.6 4
57.7 4
57.8 3
57.9 5
58.0 5
58.1 4
58.2 5
58.3 5
58.4 4
58.5 4
58.6 4
58.7 4
58.8 4
58.9 3
59.0 3
59.1 4
59.2 3
59.3 3
59.4 4
59.5 3
59.6 4
59.7 4
59.8 4
59.9 4
60.0 4
60.1 4
60.2 4
60.3 4
60.4 4
60.5 4
60.6 4
60.7 4
60.8 4
60.9 3
61.0 5
61.1 4
61.2 4
61.3 4
61.4 4
61.5 4
61.6 3
61.7 4
61.8 4
61.9 5
62.0 3
62.1 3
62.2 4
62.3 4
62.4 4
62.5 4
62.6 4
62.7 3
62.8 5
62.9 4
63.0 4
63.1 5
63.2 4
63.3 4
63.4 3
63.5 4
63.6 4
63.7 5
63.8 3
63.9 3
64.0 4
64.1 3
64.2 3
64.3 4
64.4 4
64.5 4
64.6 4
64.7 3
64.8 4
64.9 5
65.0 4
65.1 4
65.2 5
65.3 4
65.4 4
65.5 4
65.6 4
65.7 4
65.8 4
65.9 3
66.0 4
66.1 4
66.2 3
66.3 4
66.4 5
66.5 4
66.6 4
66.7 5
66.8 4
66.9 4
67.0 3
67.1 4
67.2 4
67.3 4
67.4 3
67.5 3
67.6 4
67.7 4
67.8 4
67.9 4
68.0 4
68.1 4
68.2 5
68.3 4
68.4 4
68.5 4
68.6 4
68.7 3
68.8 4
68.9 4
69.0 4
69.1 4
69.2 3
69.3 3
69.4 4
69.5 4
69.6 4
69.7 4
69.8 3
69.9 4
70.0 5
70.1 4
70.2 4
70.3 4
70.4 5
70.5 5
70.6 4
70.7 4
70.8 5
70.9 4
71.0 3
71.1 4
71.2 4
71.3 4
71.4 3
71.5 3
71.6 4
71.7 4
71.8 3
71.9 3
72.0 5
72.1 4
72.2 4
72.3 5
72.4 4
72.5 4
72.6 3
72.7 4
72.8 4
72.9 5
73.0 3
73.1 3
73.2 4
73.3 3
73.4 4
73.5 4
73.6 4
73.7 3
73.8 5
73.9 4
74.0 4
74.1 5
74.2 4
74.3 4
74.4 4
74.5 4
74.6 4
74.7 5
74.8 3
74.9 3
75.0 4
75.1 3
75.2 3
75.3 4
75.4 4
75.5 4
75.6 4
75.7 3
75.8 5
75.9 5
76.0 4
76.1 5
76.2 5
76.3 4
76.4 3
76.5 4
76.6 4
76.7 4
76.8 3
76.9 3
77.0 4
77.1 3
77.2 3
77.3 4
77.4 5
77.5 4
77.6 4
77.7 5
77.8 4
77.9 4
78.0 3
78.1 4
78.2 4
78.3 4
78.4 3
78.5 3
78.6 4
78.7 4
78.8 4
78.9 4
79.0 4
79.1 4
79.2 5
79.3 4
79.4 4
79.5 5
79.6 4
79.7 3
79.8 4
79.9 4
80.0 4
80.1 4
80.2 3
80.3 3
80.4 4
80.5 4
80.6 4
80.7 4
80.8 3
80.9 4
81.0 5
81.1 4
81.2 4
81.3 4
81.4 4
81.5 4
81.6 4
81.7 4
81.8 4
81.9 4
82.0 3
82.1 4
82.2 4
82.3 4
82.4 4
82.5 4
82.6 4
82.7 4
82.8 4
82.9 4
83.0 4
83.1 4
83.2 4
83.3 4
83.4 3
83.5 4
83.6 4
83.7 4
83.8 5
83.9 4
84.0 4
84.1 3
84.2 4
84.3 4
84.4 5
84.5 3
84.6 3
84.7 4
84.8 3
84.9 3
85.0 4
85.1 4
85.2 4
85.3 4
85.4 3
85.5 4
85.6 5
85.7 4
85.8 4
85.9 4
86.0 4
86.1 4
86.2 4
86.3 4
86.4 4
86.5 4
86.6 4
86.7 4
86.8 4
86.9 5
87.0 4
87.1 4
87.2 4
87.3 4
87.4 4
87.5 4
87.6 3
87.7 3
87.8 4
87.9 3
88.0 4
88.1 4
88.2 3
88.3 4
88.4 4
88.5 3
88.6 4
88.7 5
88.8 4
88.9 4
89.0 3
89.1 5
89.2 5
89.3 4
89.4 5
89.5 5
89.6 4
89.7 4
89.8 4
89.9 4
90.0 4
90.1 3
90.2 3
90.3 4
90.4 3
90.5 3
90.6 4
90.7 3
90.8 4
90.9 4
91.0 4
91.1 4
91.2 5
91.3 4
91.4 4
91.5 4
91.6 4
91.7 4
91.8 3
91.9 4
92.0 4
92.1 4
92.2 3
92.3 3
92.4 4
92.5 5
92.6 4
92.7 4
92.8 4
92.9 4
93.0 5
93.1 4
93.2 4
93.3 5
93.4 4
93.5 3
93.6 4
93.7 4
93.8 4
93.9 4
94.0 3
94.1 4
94.2 4
94.3 3
94.4 4
94.5 4
94.6 4
94.7 4
94.8 4
94.9 3
95.0 5
95.1 4
95.2 4
95.3 5
95.4 4
95.5 4
95.6 3
95.7 4
95.8 4
95.9 5
96.0 3
96.1 3
96.2 4
96.3 3
96.4 3
96.5 4
96.6 4
96.7 4
96.8 4
96.9 3
97.0 4
97.1 4
97.2 4
97.3 4
97.4 4
97.5 4
97.6 5
97.7 4
97.8 4
97.9 4
98.0 4
98.1 4
98.2 4
98.3 4
98.4 4
98.5 4
98.6 3
98.7 4
98.8 4
98.9 4
99.0 3
99.1 5
99.2 4
99.3 4
99.4 5
99.5 4
99.6 4
99.7 4
99.8 4
99.9 4
100.0 4
100.1 3
100.2 4
100.3 4
100.4 3
100.5 3
100.6 5
100.7 4
100.8 4
100.9 4
101.0 5
101.1 4
101.2 3
101.3 4
101.4 4
101.5 5
101.6 3
101.7 3
101.8 3
101.9 4
102.0 4
102.1 4
102.2 4
102.3 3
102.4 4
102.5 4
102.6 4
102.7 4
102.8 4
102.9 4
103.0 4
103.1 4
103.2 4
103.3 4
103.4 5
103.5 4
103.6 4
103.7 4
103.8 5
103.9 4
104.0 3
104.1 4
104.2 4
104.3 4
104.4 3
104.5 3
104.6 4
104.7 4
104.8 3
104.9 4
105.0 4
105.1 4
105.2 4
105.3 4
105.4 3
105.5 5
105.6 4
105.7 4
105.8 5
105.9 4
106.0 4
106.1 4
106.2 4
106.3 4
106.4 5
106.5 3
106.6 4
106.7 4
106.8 3
106.9 3
107.0 4
107.1 4
107.2 4
107.3 4
107.4 4
107.5 4
107.6 3
107.7 4
107.8 4
107.9 4
108.0 4
108.1 4
108.2 4
108.3 4
108.4 3
108.5 4
108.6 5
108.7 4
108.8 4
108.9 4
109.0 4
109.1 3
109.2 4
109.3 4
109.4 4
109.5 4
109.6 3
109.7 3
109.8 4
109.9 4
110.0 4
110.1 4
110.2 3
110.3 4
110.4 4
110.5 4
110.6 4
110.7 4
110.8 4
110.9 5
111.0 4
111.1 4
111.2 4
111.3 4
111.4 5
111.5 4
111.6 4
111.7 4
111.8 4
111.9 3
112.0 4
112.1 4
112.2 4
112.3 4
112.4 3
112.5 3
112.6 4
112.7 4
112.8 4
112.9 4
113.0 3
113.1 4
113.2 4
113.3 4
113.4 4
113.5 4
113.6 4
113.7 4
113.8 4
113.9 4
114.0 4
114.1 3
114.2 5
114.3 4
114.4 4
114.5 5
114.6 4
114.7 4
114.8 4
114.9 4
115.0 4
115.1 5
115.2 3
115.3 4
115.4 4
115.5 3
115.6 3
115.7 5
115.8 4
115.9 4
116.0 4
116.1 4
116.2 4
116.3 3
116.4 4
116.5 4
116.6 5
116.7 3
116.8 3
116.9 4
117.0 4
117.1 4
117.2 4
117.3 4
117.4 3
117.5 5
117.6 4
117.7 4
117.8 5
117.9 4
118.0 4
118.1 4
118.2 4
118.3 4
118.4 4
118.5 3
118.6 3
118.7 4
118.8 3
118.9 3
119.0 4
119.1 4
119.2 4
119.3 4
119.4 4
119.5 4
119.6 5
119.7 4
119.8 4
119.9 4
120.0 4
120.1 4
120.2 4
120.3 4
120.4 4
120.5 4
120.6 3
120.7 4
120.8 4
120.9 4
121.0 4
121.1 3
121.2 3
121.3 4
121.4 4
121.5 4
121.6 4
121.7 3
121.8 4
121.9 5
122.0 4
122.1 4
122.2 4
122.3 4
122.4 4
122.5 4
122.6 4
122.7 4
122.8 4
122.9 3
123.0 4
123.1 4
123.2 4
123.3 3
123.4 5
123.5 4
123.6 4
123.7 5
123.8 4
123.9 4
124.0 4
124.1 4
124.2 4
124.3 5
124.4 3
124.5 4
124.6 4
124.7 3
124.8 3
124.9 5
125.0 4
125.1 4
125.2 4
125.3 4
125.4 4
125.5 3
125.6 4
125.7 4
125.8 5
125.9 3
126.0 3
126.1 4
126.2 4
126.3 4
126.4 4
126.5 4
126.6 3
126.7 5
126.8 4
126.9 4
127.0 5
127.1 4
127.2 4
127.3 4
127.4 4
127.5 4
127.6 4
127.7 3
127.8 4
127.9 4
128.0 3
128.1 3
128.2 5
128.3 4
128.4 4
128.5 4
128.6 5
128.7 4
128.8 3
128.9 4
129.0 4
129.1 5
129.2 3
129.3 3
129.4 3
129.5 4
129.6 4
129.7 4
129.8 4
129.9 3
130.0 4
130.1 4
130.2 4
130.3 4
130.4 4
130.5 4
130.6 4
130.7 4
130.8 4
130.9 4
131.0 4
131.1 4
131.2 4
131.3 4
131.4 4
131.5 4
131.6 3
131.7 4
131.8 4
131.9 4
132.0 4
132.1 4
132.2 4
132.3 4
132.4 5
132.5 4
132.6 4
132.7 3
132.8 4
132.9 4
133.0 4
133.1 3
133.2 3
133.3 4
133.4 4
133.5 4
133.6 4
133.7 4
133.8 4
133.9 5
134.0 4
134.1 4
134.2 4
134.3 4
134.4 3
134.5 4
134.6 4
134.7 4
134.8 3
134.9 4
135.0 4
135.1 4
135.2 4
135.3 4
135.4 4
135.5 3
135.6 4
135.7 4
135.8 5
135.9 3
136.0 3
136.1 4
136.2 4
136.3 4
136.4 4
136.5 4
136.6 3
136.7 5
136.8 4
136.9 4
137.0 5
137.1 4
137.2 4
137.3 4
137.4 4
137.5 4
137.6 5
137.7 3
137.8 4
137.9 4
138.0 3
138.1 3
138.2 4
138.3 4
138.4 4
138.5 4
138.6 3
138.7 4
138.8 4
138.9 4
139.0 4
139.1 4
139.2 4
139.3 4
139.4 4
139.5 4
139.6 4
139.7 5
139.8 4
139.9 4
140.0 4
140.1 5
140.2 4
140.3 3
140.4 4
140.5 4
140.6 4
140.7 3
140.8 3
140.9 4
141.0 4
141.1 3
141.2 4
141.3 4
141.4 4
141.5 4
141.6 4
141.7 3
141.8 5
141.9 4
142.0 4
142.1 5
142.2 4
142.3 4
142.4 4
142.5 4
142.6 4
142.7 5
142.8 3
142.9 3
143.0 4
143.1 3
143.2 4
143.3 4
143.4 3
143.5 4
143.6 5
143.7 4
143.8 4
143.9 4
144.0 4
144.1 4
144.2 4
144.3 4
144.4 4
144.5 3
144.6 4
144.7 4
144.8 4
144.9 5
145.0 4
145.1 4
145.2 3
145.3 4
145.4 4
145.5 5
145.6 3
145.7 3
145.8 4
145.9 3
146.0 4
146.1 4
146.2 4
146.3 3
146.4 5
146.5 4
146.6 4
146.7 5
146.8 4
146.9 4
147.0 3
147.1 4
147.2 4
147.3 5
147.4 3
147.5 3
147.6 4
147.7 3
147.8 4
147.9 4
148.0 4
148.1 3
148.2 5
148.3 4
148.4 4
148.5 5
148.6 4
148.7 4
148.8 4
148.9 4
149.0 4
149.1 5
149.2 3
149.3 4
149.4 4
149.5 3
149.6 3
149.7 5
149.8 4
149.9 4
150.0 4
150.1 4
150.2 4
150.3 3
150.4 4
150.5 4
150.6 5
150.7 3
150.8 3
150.9 4
151.0 4
151.1 4
151.2 4
151.3 4
151.4 3
151.5 5
151.6 4
151.7 4
151.8 5
151.9 4
152.0 4
152.1 4
152.2 4
152.3 4
152.4 5
152.5 3
152.6 3
152.7 4
152.8 3
152.9 3
153.0 4
153.1 3
153.2 4
153.3 4
153.4 3
153.5 4
153.6 5
153.7 4
153.8 4
153.9 4
154.0 4
154.1 5
154.2 4
154.3 4
154.4 5
154.5 4
154.6 3
154.7 4
154.8 4
154.9 4
155.0 4
155.1 3
155.2 4
155.3 4
155.4 3
155.5 3
155.6 5
155.7 4
155.8 4
155.9 4
156.0 4
156.1 4
156.2 4
156.3 4
156.4 4
156.5 4
156.6 3
156.7 4
156.8 4
156.9 4
157.0 4
157.1 4
157.2 3
157.3 4
157.4 4
157.5 4
157.6 4
157.7 4
157.8 4
157.9 4
158.0 3
158.1 4
158.2 4
158.3 4
158.4 4
158.5 4
158.6 4
158.7 4
158.8 4
158.9 4
159.0 4
159.1 4
159.2 4
159.3 4
159.4 4
159.5 4
159.6 3
159.7 4
159.8 4
159.9 4
160.0 5
160.1 4
160.2 4
160.3 4
160.4 4
160.5 4
160.6 5
160.7 3
160.8 3
160.9 4
161.0 3
161.1 4
161.2 4
161.3 3
161.4 4
161.5 4
161.6 3
161.7 4
161.8 5
161.9 4
162.0 4
162.1 3
162.2 4
162.3 5
162.4 4
162.5 4
162.6 4
162.7 4
162.8 4
162.9 4
163.0 4
163.1 5
163.2 4
163.3 3
163.4 4
163.5 4
163.6 4
163.7 4
163.8 3
163.9 3
164.0 4
164.1 4
164.2 4
164.3 4
164.4 3
164.5 4
164.6 5
164.7 4
164.8 4
164.9 4
165.0 4
165.1 4
165.2 4
165.3 4
165.4 4
165.5 4
165.6 4
165.7 4
165.8 4
165.9 5
166.0 4
166.1 3
166.2 3
166.3 4
166.4 4
166.5 4
166.6 3
166.7 3
166.8 4
166.9 4
167.0 4
167.1 4
167.2 4
167.3 4
167.4 5
167.5 4
167.6 4
167.7 4
167.8 4
167.9 4
168.0 4
168.1 4
168.2 5
168.3 4
168.4 3
168.5 3
168.6 4
168.7 4
168.8 4
168.9 3
169.0 3
169.1 4
169.2 4
169.3 4
169.4 4
169.5 4
169.6 4
169.7 5
169.8 4
169.9 4
170.0 5
170.1 4
170.2 3
170.3 4
170.4 4
170.5 4
170.6 4
170.7 3
170.8 3
170.9 4
171.0 3
171.1 4
171.2 4
171.3 3
171.4 5
171.5 5
171.6 4
171.7 4
171.8 5
171.9 4
172.0 4
172.1 4
172.2 4
172.3 4
172.4 3
172.5 3
172.6 3
172.7 4
172.8 4
172.9 4
173.0 4
173.1 3
173.2 5
173.3 5
173.4 4
173.5 5
173.6 5
173.7 4
173.8 4
173.9 4
174.0 4
174.1 4
174.2 3
174.3 3
174.4 4
174.5 3
174.6 3
174.7 4
174.8 4
174.9 4
175.0 4
175.1 4
175.2 4
175.3 5
175.4 4
175.5 4
175.6 4
175.7 4
175.8 3
175.9 4
176.0 4
176.1 4
176.2 3
176.3 4
176.4 4
176.5 4
176.6 4
176.7 4
176.8 4
176.9 3
177.0 4
177.1 4
177.2 5
177.3 3
177.4 3
177.5 4
177.6 4
177.7 4
177.8 4
177.9 4
178.0 3
178.1 5
178.2 4
178.3 4
178.4 4
178.5 4
178.6 4
178.7 3
178.8 4
178.9 4
179.0 5
179.1 3
179.2 3
179.3 4
179.4 5
179.5 4
179.6 4
179.7 4
179.8 4
179.9 4
180.0 4
180.1 4
180.2 4
180.3 3
180.4 4
180.5 4
180.6 4
180.7 4
180.8 4
180.9 4
181.0 3
181.1 4
181.2 4
181.3 5
181.4 3
181.5 3
181.6 4
181.7 4
181.8 3
181.9 4
182.0 4
182.1 4
182.2 4
182.3 3
182.4 5
182.5 5
182.6 4
182.7 4
182.8 5
182.9 4
183.0 4
183.1 4
183.2 4
183.3 5
183.4 3
183.5 3
183.6 3
183.7 4
183.8 4
183.9 4
184.0 4
184.1 3
184.2 4
184.3 4
184.4 4
184.5 4
184.6 4
184.7 4
184.8 4
184.9 4
185.0 4
185.1 4
185.2 4
185.3 3
185.4 4
185.5 4
185.6 4
185.7 4
185.8 4
185.9 4
186.0 4
186.1 5
186.2 4
186.3 4
186.4 4
186.5 4
186.6 4
186.7 4
186.8 3
186.9 3
187.0 4
187.1 3
187.2 4
187.3 4
187.4 3
187.5 4
187.6 4
187.7 4
187.8 4
187.9 4
188.0 4
188.1 5
188.2 4
188.3 4
188.4 4
188.5 4
188.6 5
188.7 4
188.8 4
188.9 5
189.0 4
189.1 3
189.2 3
189.3 4
189.4 4
189.5 4
189.6 3
189.7 3
189.8 4
189.9 4
190.0 4
190.1 4
190.2 4
190.3 4
190.4 5
190.5 4
190.6 4
190.7 4
190.8 4
190.9 4
191.0 4
191.1 4
191.2 4
191.3 4
191.4 3
191.5 4
191.6 4
191.7 4
191.8 3
191.9 3
192.0 4
192.1 4
192.2 4
192.3 3
192.4 4
192.5 4
192.6 4
192.7 4
192.8 4
192.9 4
193.0 4
193.1 4
193.2 4
193.3 4
193.4 5
193.5 4
193.6 4
193.7 4
193.8 5
193.9 4
194.0 3
194.1 4
194.2 4
194.3 4
194.4 3
194.5 3
194.6 4
194.7 4
194.8 3
194.9 4
195.0 4
195.1 4
195.2 4
195.3 4
195.4 4
195.5 5
195.6 4
195.7 4
195.8 4
195.9 4
196.0 4
196.1 4
196.2 4
196.3 4
196.4 4
196.5 3
196.6 4
196.7 4
196.8 4
196.9 3
197.0 5
197.1 4
197.2 4
197.3 5
197.4 4
197.5 4
197.6 4
197.7 4
197.8 4
197.9 4
198.0 3
198.1 3
198.2 4
198.3 3
198.4 3
198.5 5
198.6 4
198.7 4
198.8 4
198.9 5
199.0 4
199.1 4
199.2 4
199.3 4
199.4 4
199.5 3
199.6 3
199.7 3
199.8 4
199.9 4
200.0 4
200.1 4
200.2 3
200.3 4
200.4 5
200.5 4
200.6 4
200.7 5
200.8 4
200.9 3
201.0 4
201.1 4
201.2 4
201.3 4
201.4 3
201.5 4
201.6 4
201.7 3
201.8 4
201.9 5
202.0 4
202.1 4
202.2 4
202.3 4
202.4 4
202.5 4
202.6 4
202.7 4
202.8 4
202.9 3
203.0 3
203.1 4
203.2 4
203.3 4
203.4 4
203.5 3
203.6 4
203.7 5
203.8 4
203.9 4
204.0 4
204.1 4
204.2 5
204.3 4
204.4 4
204.5 4
204.6 4
204.7 4
204.8 4
204.9 4
205.0 4
205.1 4
205.2 3
205.3 4
205.4 4
205.5 4
205.6 3
205.7 4
205.8 4
205.9 4
206.0 5
206.1 4
206.2 4
206.3 3
206.4 4
206.5 4
206.6 5
206.7 3
206.8 3
206.9 4
207.0 3
207.1 4
207.2 4
207.3 4
207.4 3
207.5 5
207.6 4
207.7 4
207.8 5
207.9 4
208.0 4
208.1 4
208.2 4
208.3 4
208.4 5
208.5 3
208.6 4
208.7 4
208.8 3
208.9 3
209.0 5
209.1 4
209.2 4
209.3 4
209.4 4
209.5 4
209.6 3
209.7 4
209.8 4
209.9 5
210.0 3
210.1 3
210.2 3
210.3 4
210.4 4
210.5 4
210.6 4
210.7 3
210.8 4
210.9 4
211.0 4
211.1 4
211.2 4
211.3 4
211.4 4
211.5 4
211.6 4
211.7 5
211.8 4
211.9 3
212.0 4
212.1 4
212.2 4
212.3 4
212.4 3
212.5 4
212.6 4
212.7 3
212.8 4
212.9 4
213.0 4
213.1 4
213.2 4
213.3 4
213.4 4
213.5 4
213.6 4
213.7 4
213.8 3
213.9 5
214.0 4
214.1 4
214.2 4
214.3 4
214.4 4
214.5 3
214.6 4
214.7 4
214.8 5
214.9 3
215.0 3
215.1 4
215.2 4
215.3 4
215.4 4
215.5 4
215.6 4
215.7 5
215.8 4
215.9 4
216.0 5
216.1 4
216.2 4
216.3 4
216.4 4
216.5 4
216.6 4
216.7 3
216.8 4
216.9 4
217.0 3
217.1 3
217.2 5
217.3 4
217.4 4
217.5 4
217.6 4
217.7 4
217.8 3
217.9 4
218.0 4
218.1 5
218.2 3
218.3 3
218.4 4
218.5 4
218.6 4
218.7 4
218.8 4
218.9 3
219.0 5
219.1 4
219.2 4
219.3 4
219.4 4
219.5 4
219.6 3
219.7 4
219.8 4
219.9 4
220.0 3
220.1 4
220.2 4
220.3 4
220.4 3
220.5 5
220.6 5
220.7 4
220.8 4
220.9 5
221.0 4
221.1 3
221.2 4
221.3 4
221.4 4
221.5 3
221.6 3
221.7 4
221.8 4
221.9 4
222.0 4
222.1 4
222.2 3
222.3 5
222.4 5
222.5 4
222.6 5
222.7 4
222.8 4
222.9 4
223.0 4
223.1 4
223.2 4
223.3 3
223.4 3
223.5 4
223.6 3
223.7 3
223.8 4
223.9 4
224.0 4
224.1 4
224.2 5
224.3 4
224.4 4
224.5 4
224.6 4
224.7 4
224.8 4
224.9 3
225.0 3
225.1 4
225.2 4
225.3 4
225.4 4
225.5 3
225.6 5
225.7 5
225.8 4
225.9 5
226.0 5
226.1 4
226.2 3
226.3 4
226.4 4
226.5 4
226.6 3
226.7 3
226.8 4
226.9 3
227.0 3
227.1 3
227.2 5
227.3 4
227.4 4
227.5 5
227.6 4
227.7 4
227.8 3
227.9 4
228.0 4
228.1 5
228.2 3
228.3 3
228.4 4
228.5 4
228.6 4
228.7 4
228.8 4
228.9 4
229.0 5
229.1 4
229.2 4
229.3 4
229.4 4
229.5 3
229.6 4
229.7 4
229.8 4
229.9 3
230.0 4
230.1 4
230.2 4
230.3 5
230.4 4
230.5 4
230.6 3
230.7 4
230.8 4
230.9 5
231.0 3
231.1 3
231.2 4
231.3 3
231.4 4
231.5 4
231.6 4
231.7 4
231.8 5
231.9 4
232.0 4
232.1 4
232.2 4
232.3 4
232.4 4
232.5 4
232.6 4
232.7 3
232.8 4
232.9 4
233.0 4
233.1 5
233.2 4
233.3 4
233.4 3
233.5 4
233.6 4
233.7 5
233.8 3
233.9 3
234.0 4
234.1 3
234.2 4
234.3 4
234.4 4
234.5 3
234.6 5
234.7 4
234.8 4
234.9 5
235.0 4
235.1 4
235.2 4
235.3 4
235.4 4
235.5 5
235.6 3
235.7 4
235.8 4
235.9 3
236.0 3
236.1 5
236.2 4
236.3 4
236.4 4
236.5 4
236.6 4
236.7 3
236.8 4
236.9 4
237.0 5
237.1 3
237.2 3
237.3 3
237.4 4
237.5 4
237.6 4
237.7 4
237.8 3
237.9 5
238.0 4
238.1 4
238.2 5
238.3 5
238.4 4
238.5 4
238.6 4
238.7 4
238.8 4
238.9 3
239.0 3
239.1 4
239.2 3
239.3 3
239.4 4
239.5 4
239.6 4
239.7 4
239.8 5
239.9 4
240.0 4
240.1 4
240.2 4
240.3 4
240.4 4
240.5 3
240.6 3
240.7 4
240.8 4
240.9 4
241.0 4
241.1 3
241.2 5
241.3 5
241.4 4
241.5 5
241.6 5
241.7 4
241.8 3
241.9 4
242.0 4
242.1 4
242.2 3
242.3 3
242.4 4
242.5 3
242.6 3
242.7 4
242.8 5
242.9 4
243.0 4
243.1 5
243.2 4
243.3 4
243.4 3
243.5 4
243.6 4
243.7 4
243.8 3
243.9 3
244.0 4
244.1 4
244.2 4
244.3 4
244.4 4
244.5 4
244.6 5
244.7 4
244.8 4
244.9 5
245.0 4
245.1 3
245.2 3
245.3 4
245.4 4
245.5 4
245.6 3
245.7 3
245.8 4
245.9 4
246.0 4
246.1 4
246.2 4
246.3 4
246.4 5
246.5 4
246.6 4
246.7 4
246.8 4
246.9 4
247.0 4
247.1 4
247.2 4
247.3 4
247.4 3
247.5 4
247.6 4
247.7 4
247.8 4
247.9 3
248.0 3
248.1 4
248.2 4
248.3 4
248.4 4
248.5 3
248.6 4
248.7 5
248.8 4
248.9 4
249.0 4
249.1 4
249.2 5
249.3 4
249.4 4
249.5 5
249.6 4
249.7 3
249.8 3
249.9 4
250.0 4
250.1 4
250.2 3
250.3 3
250.4 4
250.5 4
250.6 4
250.7 4
250.8 4
250.9 4
251.0 5
251.1 4
251.2 4
251.3 4
251.4 4
251.5 4
251.6 4
251.7 4
251.8 4
251.9 4
252.0 4
252.1 4
252.2 4
252.3 4
252.4 4
252.5 3
252.6 4
252.7 4
252.8 4
252.9 4
253.0 3
253.1 4
253.2 4
253.3 4
253.4 3
253.5 5
253.6 4
253.7 4
253.8 5
253.9 4
254.0 4
254.1 4
254.2 4
254.3 4
254.4 5
254.5 3
254.6 3
254.7 4
254.8 3
254.9 3
255.0 4
255.1 3
255.2 4
255.3 4
255.4 3
255.5 4
255.6 4
255.7 4
255.8 4
255.9 4
256.0 4
256.1 5
256.2 4
256.3 4
256.4 5
256.5 4
256.6 4
256.7 4
256.8 4
256.9 4
257.0 4
257.1 3
257.2 4
257.3 4
257.4 3
257.5 4
257.6 4
257.7 4
257.8 4
257.9 4
258.0 3
258.1 5
258.2 4
258.3 4
258.4 5
258.5 4
258.6 4
258.7 3
258.8 4
258.9 4
259.0 5
259.1 3
259.2 3
259.3 4
259.4 3
259.5 4
259.6 4
259.7 4
259.8 4
259.9 4
260.0 4
260.1 4
260.2 4
260.3 3
260.4 5
260.5 4
260.6 4
260.7 5
260.8 4
260.9 4
261.0 4
261.1 4
261.2 4
261.3 4
261.4 3
261.5 3
261.6 4
261.7 3
261.8 3
261.9 4
262.0 4
262.1 4
262.2 4
262.3 5
262.4 4
262.5 4
262.6 4
262.7 4
262.8 4
262.9 4
263.0 3
263.1 3
263.2 4
263.3 4
263.4 4
263.5 4
263.6 3
263.7 4
263.8 5
263.9 4
264.0 4
264.1 4
264.2 4
264.3 3
264.4 4
264.5 4
264.6 4
264.7 4
264.8 4
264.9 4
265.0 4
265.1 4
265.2 4
265.3 4
265.4 4
265.5 4
265.6 4
265.7 4
265.8 3
265.9 3
266.0 4
266.1 4
266.2 4
266.3 4
266.4 3
266.5 4
266.6 5
266.7 4
266.8 4
266.9 4
267.0 4
267.1 5
267.2 4
267.3 4
267.4 4
267.5 4
267.6 4
267.7 4
267.8 4
267.9 5
268.0 4
268.1 3
268.2 3
268.3 4
268.4 4
268.5 4
268.6 3
268.7 3
268.8 4
268.9 4
269.0 4
269.1 4
269.2 4
269.3 4
269.4 5
269.5 4
269.6 4
269.7 4
269.8 4
269.9 3
270.0 4
270.1 4
270.2 4
270.3 4
270.4 3
270.5 4
270.6 4
270.7 4
270.8 3
270.9 5
271.0 4
271.1 4
271.2 5
271.3 4
271.4 4
271.5 3
271.6 4
271.7 4
271.8 5
271.9 3
272.0 3
272.1 4
272.2 3
272.3 4
272.4 4
272.5 4
272.6 3
272.7 5
272.8 4
272.9 4
273.0 5
273.1 4
273.2 4
273.3 3
273.4 4
273.5 4
273.6 5
273.7 3
273.8 3
273.9 4
274.0 3
274.1 4
274.2 4
274.3 4
274.4 3
274.5 5
274.6 4
274.7 4
274.8 5
274.9 4
275.0 4
275.1 4
275.2 4
275.3 4
275.4 5
275.5 3
275.6 4
275.7 4
275.8 3
275.9 3
276.0 4
276.1 4
276.2 4
276.3 4
276.4 3
276.5 5
276.6 4
276.7 4
276.8 4
276.9 5
277.0 4
277.1 3
277.2 4
277.3 4
277.4 5
277.5 3
277.6 3
277.7 4
277.8 4
277.9 4
278.0 4
278.1 4
278.2 3
278.3 5
278.4 4
278.5 4
278.6 5
278.7 4
278.8 4
278.9 4
279.0 4
279.1 4
279.2 5
279.3 3
279.4 3
279.5 4
279.6 3
279.7 3
279.8 4
279.9 3
280.0 4
280.1 4
280.2 3
280.3 4
280.4 4
280.5 4
280.6 4
280.7 4
280.8 5
280.9 5
281.0 4
281.1 5
281.2 5
281.3 4
281.4 5
281.5 4
281.6 4
281.7 4
281.8 3
281.9 3
282.0 3
282.1 3
282.2 3
282.3 4
282.4 3
282.5 3
282.6 4
282.7 4
282.8 4
282.9 4
283.0 4
283.1 4
283.2 5
283.3 4
283.4 4
283.5 4
283.6 4
283.7 4
283.8 4
283.9 4
284.0 4
284.1 4
284.2 3
284.3 3
284.4 4
284.5 4
284.6 4
284.7 4
284.8 3
284.9 4
285.0 4
285.1 4
285.2 4
285.3 4
285.4 4
285.5 4
285.6 4
285.7 4
285.8 4
285.9 3
286.0 5
286.1 4
286.2 4
286.3 5
286.4 4
286.5 5
286.6 4
286.7 4
286.8 4
286.9 5
287.0 3
287.1 3
287.2 4
287.3 3
287.4 4
287.5 3
287.6 3
287.7 4
287.8 4
287.9 4
288.0 4
288.1 4
288.2 4
288.3 4
288.4 3
288.5 4
288.6 4
288.7 4
288.8 4
288.9 3
289.0 4
289.1 4
289.2 4
289.3 4
289.4 4
289.5 4
289.6 4
289.7 4
289.8 4
289.9 4
290.0 4
290.1 5
290.2 4
290.3 4
290.4 5
290.5 4
290.6 4
290.7 3
290.8 4
290.9 4
291.0 4
291.1 3
291.2 3
291.3 4
291.4 4
291.5 4
291.6 4
291.7 4
291.8 4
291.9 5
292.0 4
292.1 4
292.2 5
292.3 4
292.4 3
292.5 4
292.6 4
292.7 4
292.8 4
292.9 3
293.0 4
293.1 4
293.2 3
293.3 4
293.4 4
293.5 4
293.6 4
293.7 4
293.8 4
293.9 4
294.0 4
294.1 4
294.2 4
294.3 3
294.4 5
294.5 4
294.6 4
294.7 5
294.8 4
294.9 4
295.0 4
295.1 4
295.2 4
295.3 4
295.4 3
295.5 3
295.6 4
295.7 3
295.8 3
295.9 4
296.0 4
296.1 4
296.2 4
296.3 5
296.4 4
296.5 4
296.6 4
296.7 4
296.8 4
296.9 4
297.0 3
297.1 3
297.2 4
297.3 4
297.4 4
297.5 4
297.6 3
297.7 4
297.8 5
297.9 4
298.0 4
298.1 4
298.2 4
298.3 3
298.4 4
298.5 4
298.6 4
298.7 4
298.8 4
298.9 4
299.0 4
299.1 5
299.2 4
299.3 4
299.4 4
299.5 4
299.6 4
299.7 4
299.8 3
299.9 3
300.0 4
300.1 4
300.2 4
300.3 4
300.4 3
300.5 4
300.6 5
300.7 4
300.8 4
300.9 4
301.0 4
301.1 3
301.2 4
301.3 4
301.4 4
301.5 4
301.6 4
301.7 4
301.8 4
301.9 5
302.0 4
302.1 4
302.2 4
302.3 4
302.4 4
302.5 4
302.6 3
302.7 4
302.8 4
302.9 3
303.0 3
303.1 4
303.2 4
303.3 4
303.4 4
303.5 3
303.6 5
303.7 4
303.8 4
303.9 5
304.0 5
304.1 4
304.2 4
304.3 4
304.4 4
304.5 4
304.6 3
304.7 3
304.8 4
304.9 3
305.0 3
305.1 4
305.2 4
305.3 4
305.4 4
305.5 4
305.6 5
305.7 5
305.8 4
305.9 4
306.0 5
306.1 4
306.2 3
306.3 4
306.4 4
306.5 4
306.6 3
306.7 3
306.8 4
306.9 4
307.0 3
307.1 3
307.2 5
307.3 4
307.4 4
307.5 4
307.6 4
307.7 4
307.8 3
307.9 4
308.0 4
308.1 5
308.2 3
308.3 3
308.4 4
308.5 4
308.6 4
308.7 4
308.8 4
308.9 3
309.0 5
309.1 4
309.2 4
309.3 4
309.4 4
309.5 4
309.6 3
309.7 4
309.8 4
309.9 5
310.0 3
310.1 3
310.2 4
310.3 5
310.4 4
310.5 4
310.6 4
310.7 4
310.8 5
310.9 4
311.0 4
311.1 5
311.2 4
311.3 3
311.4 4
311.5 4
311.6 4
311.7 4
311.8 3
311.9 3
312.0 4
312.1 3
312.2 4
312.3 4
312.4 3
312.5 4
312.6 5
312.7 4
312.8 4
312.9 4
313.0 4
313.1 5
313.2 4
313.3 4
313.4 5
313.5 4
313.6 3
313.7 3
313.8 4
313.9 4
314.0 4
314.1 3
314.2 3
314.3 4
314.4 4
314.5 4
314.6 4
314.7 4
314.8 4
314.9 5
315.0 4
315.1 4
315.2 5
315.3 4
315.4 3
315.5 4
315.6 4
315.7 4
315.8 4
315.9 3
316.0 4
316.1 4
316.2 3
316.3 4
316.4 4
316.5 4
316.6 4
316.7 4
316.8 3
316.9 5
317.0 4
317.1 4
317.2 5
317.3 4
317.4 4
317.5 4
317.6 4
317.7 4
317.8 5
317.9 3
318.0 3
318.1 4
318.2 3
318.3 4
318.4 4
318.5 3
318.6 3
318.7 4
318.8 4
318.9 4
319.0 4
319.1 3
319.2 5
319.3 4
319.4 4
319.5 5
319.6 5
319.7 4
319.8 4
319.9 4
320.0 4
320.1 4
320.2 3
320.3 3
320.4 4
320.5 3
320.6 3
320.7 4
320.8 4
320.9 4
321.0 4
321.1 5
321.2 4
321.3 4
321.4 4
321.5 4
321.6 4
321.7 4
321.8 3
321.9 3
322.0 4
322.1 3
322.2 4
322.3 4
322.4 3
322.5 4
322.6 5
322.7 4
322.8 4
322.9 5
323.0 4
323.1 4
323.2 4
323.3 4
323.4 4
323.5 4
323.6 3
323.7 4
323.8 4
323.9 3
324.0 4
324.1 5
324.2 4
324.3 4
324.4 5
324.5 4
324.6 4
324.7 4
324.8 4
324.9 4
325.0 4
325.1 3
325.2 4
325.3 4
325.4 3
325.5 3
325.6 4
325.7 4
325.8 4
325.9 4
326.0 3
326.1 5
326.2 4
326.3 4
326.4 5
326.5 5
326.6 4
326.7 3
326.8 4
326.9 4
327.0 5
327.1 3
327.2 3
327.3 4
327.4 3
327.5 3
327.6 4
327.7 4
327.8 4
327.9 4
328.0 4
328.1 4
328.2 4
328.3 3
328.4 4
328.5 5
328.6 4
328.7 4
328.8 3
328.9 4
329.0 4
329.1 4
329.2 4
329.3 4
329.4 4
329.5 3
329.6 4
329.7 4
329.8 4
329.9 4
330.0 4
330.1 4
330.2 4
330.3 5
330.4 4
330.5 4
330.6 4
330.7 4
330.8 4
330.9 4
331.0 3
331.1 3
331.2 4
331.3 4
331.4 4
331.5 4
331.6 3
331.7 5
331.8 5
331.9 4
332.0 4
332.1 5
332.2 4
332.3 3
332.4 4
332.5 4
332.6 5
332.7 3
332.8 3
332.9 3
333.0 4
333.1 4
333.2 4
333.3 4
333.4 3
333.5 4
333.6 4
333.7 4
333.8 4
333.9 4
334.0 4
334.1 4
334.2 4
334.3 4
334.4 4
334.5 4
334.6 3
334.7 4
334.8 4
334.9 4
335.0 4
335.1 4
335.2 4
335.3 4
335.4 5
335.5 4
335.6 4
335.7 3
335.8 4
335.9 4
336.0 4
336.1 3
336.2 3
336.3 4
336.4 4
336.5 4
336.6 4
336.7 4
336.8 4
336.9 5
337.0 4
337.1 4
337.2 4
337.3 4
337.4 4
337.5 4
337.6 4
337.7 4
337.8 4
337.9 3
338.0 4
338.1 4
338.2 4
338.3 3
338.4 4
338.5 4
338.6 4
338.7 5
338.8 4
338.9 4
339.0 3
339.1 4
339.2 4
339.3 5
339.4 3
339.5 3
339.6 4
339.7 3
339.8 4
339.9 4
340.0 4
340.1 4
340.2 4
340.3 4
340.4 4
340.5 4
340.6 4
340.7 5
340.8 4
340.9 4
341.0 4
341.1 3
341.2 4
341.3 4
341.4 4
341.5 4
341.6 4
341.7 3
341.8 4
341.9 4
342.0 4
342.1 4
342.2 5
342.3 4
342.4 4
342.5 4
342.6 4
342.7 4
342.8 3
342.9 4
343.0 4
343.1 5
343.2 3
343.3 3
343.4 4
343.5 4
343.6 4
343.7 4
343.8 4
343.9 3
344.0 5
344.1 4
344.2 4
344.3 5
344.4 4
344.5 4
344.6 4
344.7 4
344.8 4
344.9 4
345.0 3
345.1 3
345.2 4
345.3 3
345.4 3
345.5 5
345.6 4
345.7 4
345.8 4
345.9 5
346.0 4
346.1 4
346.2 4
346.3 4
346.4 4
346.5 3
346.6 3
346.7 3
346.8 4
346.9 4
347.0 4
347.1 4
347.2 3
347.3 5
347.4 5
347.5 4
347.6 4
347.7 5
347.8 4
347.9 3
348.0 4
348.1 4
348.2 5
348.3 3
348.4 3
348.5 3
348.6 4
348.7 4
348.8 4
348.9 4
349.0 3
349.1 4
349.2 4
349.3 4
349.4 4
349.5 4
349.6 5
349.7 4
349.8 4
349.9 4
350.0 5
350.1 4
350.2 3
350.3 4
350.4 4
350.5 5
350.6 3
350.7 3
350.8 3
350.9 4
351.0 4
351.1 4
351.2 4
351.3 3
351.4 5
351.5 4
351.6 4
351.7 4
351.8 5
351.9 4
352.0 3
352.1 4
352.2 4
352.3 4
352.4 3
352.5 3
352.6 4
352.7 4
352.8 3
352.9 4
353.0 4
353.1 3
353.2 4
353.3 5
353.4 4
353.5 4
353.6 3
353.7 5
353.8 5
353.9 4
354.0 5
354.1 5
354.2 4
354.3 3
354.4 4
354.5 4
354.6 4
354.7 3
354.8 3
354.9 4
355.0 3
355.1 3
355.2 4
355.3 5
355.4 4
355.5 4
355.6 5
355.7 4
355.8 4
355.9 4
356.0 4
356.1 4
356.2 4
356.3 3
356.4 3
356.5 4
356.6 4
356.7 4
356.8 4
356.9 3
357.0 4
357.1 5
357.2 4
357.3 4
357.4 4
357.5 4
357.6 3
357.7 4
357.8 4
357.9 4
358.0 4
358.1 3
358.2 4
358.3 4
358.4 4
358.5 4
358.6 4
358.7 4
358.8 4
358.9 4
359.0 3
359.1 5
359.2 4
359.3 4
359.4 5
359.5 4
359.6 4
359.7 4
359.8 4
359.9 4
360.0 5
360.1 3
360.2 4
360.3 4
360.4 3
360.5 3
360.6 5
360.7 4
360.8 4
360.9 4
361.0 4
361.1 4
361.2 3
361.3 4
361.4 4
361.5 5
361.6 3
361.7 3
361.8 3
361.9 4
362.0 4
362.1 4
362.2 4
362.3 3
362.4 5
362.5 4
362.6 4
362.7 4
362.8 5
362.9 4
363.0 3
363.1 4
363.2 4
363.3 4
363.4 3
363.5 3
363.6 4
363.7 4
363.8 3
363.9 4
364.0 5
364.1 4
364.2 4
364.3 4
364.4 4
364.5 5
364.6 4
364.7 4
364.8 4
364.9 4
365.0 3
365.1 4
365.2 4
365.3 4
365.4 4
365.5 4
365.6 4
365.7 4
365.8 4
365.9 4
366.0 4
366.1 4
366.2 4
366.3 4
366.4 3
366.5 4
366.6 4
366.7 4
366.8 4
366.9 4
367.0 4
367.1 3
367.2 4
367.3 4
367.4 4
367.5 3
367.6 4
367.7 4
367.8 4
367.9 3
368.0 4
368.1 5
368.2 4
368.3 4
368.4 4
368.5 4
368.6 4
368.7 4
368.8 4
368.9 4
369.0 4
369.1 3
369.2 4
369.3 4
369.4 4
369.5 4
369.6 4
369.7 4
369.8 4
369.9 5
370.0 4
370.1 4
370.2 3
370.3 4
370.4 4
370.5 4
370.6 3
370.7 3
370.8 4
370.9 3
371.0 4
371.1 4
371.2 4
371.3 5
371.4 5
371.5 4
371.6 5
371.7 5
371.8 4
371.9 5
372.0 4
372.1 4
372.2 4
372.3 3
372.4 3
372.5 3
372.6 3
372.7 3
372.8 4
372.9 3
373.0 3
373.1 4
373.2 4
373.3 4
373.4 4
373.5 4
373.6 5
373.7 5
373.8 4
373.9 5
374.0 5
374.1 4
374.2 5
374.3 4
374.4 4
374.5 4
374.6 3
374.7 3
374.8 3
374.9 3
375.0 3
375.1 4
375.2 3
375.3 3
375.4 4
375.5 4
375.6 4
375.7 4
375.8 4
375.9 4
376.0 5
376.1 4
376.2 4
376.3 4
376.4 4
376.5 4
376.6 4
376.7 4
376.8 4
376.9 4
377.0 3
377.1 4
377.2 4
377.3 4
377.4 3
377.5 5
377.6 4
377.7 4
377.8 4
377.9 4
378.0 4
378.1 3
378.2 4
378.3 4
378.4 4
378.5 3
378.6 4
378.7 4
378.8 4
378.9 3
379.0 5
379.1 5
379.2 4
379.3 5
379.4 5
379.5 4
379.6 4
379.7 4
379.8 4
379.9 5
380.0 3
380.1 3
380.2 4
380.3 3
380.4 3
380.5 4
380.6 3
380.7 3
380.8 4
380.9 4
381.0 4
381.1 4
381.2 3
381.3 5
381.4 5
381.5 4
381.6 5
381.7 5
381.8 4
381.9 3
382.0 4
382.1 4
382.2 4
382.3 3
382.4 3
382.5 4
382.6 3
382.7 3
382.8 4
382.9 5
383.0 4
383.1 4
383.2 4
383.3 4
383.4 5
383.5 4
383.6 4
383.7 4
383.8 4
383.9 3
384.0 4
384.1 4
384.2 4
384.3 3
384.4 3
384.5 4
384.6 4
384.7 4
384.8 3
384.9 5
385.0 4
385.1 4
385.2 4
385.3 5
385.4 4
385.5 3
385.6 4
385.7 4
385.8 5
385.9 3
386.0 3
386.1 3
386.2 4
386.3 4
386.4 4
386.5 4
386.6 3
386.7 4
386.8 4
386.9 4
387.0 4
387.1 4
387.2 4
387.3 4
387.4 4
387.5 4
387.6 4
387.7 4
387.8 4
387.9 4
388.0 4
388.1 5
388.2 4
388.3 3
388.4 4
388.5 4
388.6 4
388.7 4
388.8 4
388.9 4
389.0 4
389.1 3
389.2 4
389.3 5
389.4 4
389.5 4
389.6 5
389.7 4
389.8 3
389.9 4
390.0 4
390.1 4
390.2 4
390.3 3
390.4 4
390.5 4
390.6 3
390.7 3
390.8 5
390.9 4
391.0 4
391.1 4
391.2 4
391.3 4
391.4 4
391.5 4
391.6 4
391.7 4
391.8 4
391.9 4
392.0 4
392.1 5
392.2 4
392.3 4
392.4 3
392.5 4
392.6 4
392.7 4
392.8 3
392.9 3
393.0 4
393.1 3
393.2 3
393.3 4
393.4 4
393.5 4
393.6 4
393.7 4
393.8 5
393.9 5
394.0 4
394.1 5
394.2 5
394.3 4
394.4 5
394.5 4
394.6 4
394.7 4
394.8 3
394.9 3
395.0 3
395.1 3
395.2 3
395.3 4
395.4 3
395.5 3
395.6 4
395.7 5
395.8 4
395.9 4
396.0 4
396.1 4
396.2 4
396.3 4
396.4 4
396.5 4
396.6 4
396.7 4
396.8 4
396.9 4
397.0 5
397.1 4
397.2 4
397.3 4
397.4 4
397.5 4
397.6 4
397.7 3
397.8 3
397.9 4
398.0 3
398.1 4
398.2 4
398.3 3
398.4 4
398.5 5
398.6 4
398.7 4
398.8 4
398.9 4
399.0 4
399.1 4
399.2 4
399.3 4
399.4 4
399.5 3
399.6 3
399.7 4
399.8 4
399.9 4
400.0 4
400.1 3
400.2 4
400.3 4
400.4 4
400.5 4
400.6 4
400.7 4
400.8 5
400.9 4
401.0 4
401.1 4
401.2 4
401.3 5
401.4 4
401.5 4
401.6 5
401.7 4
401.8 3
401.9 3
402.0 4
402.1 4
402.2 4
402.3 3
402.4 3
402.5 4
402.6 4
402.7 4
402.8 4
402.9 4
403.0 4
403.1 5
403.2 4
403.3 4
403.4 4
403.5 4
403.6 3
403.7 4
403.8 4
403.9 4
404.0 3
404.1 4
404.2 4
404.3 4
404.4 5
404.5 4
404.6 4
404.7 3
404.8 4
404.9 4
405.0 5
405.1 3
405.2 3
405.3 4
405.4 3
405.5 4
405.6 4
405.7 4
405.8 4
405.9 5
406.0 4
406.1 4
406.2 4
406.3 4
406.4 4
406.5 3
406.6 4
406.7 4
406.8 4
406.9 3
407.0 3
407.1 4
407.2 4
407.3 3
407.4 4
407.5 5
407.6 4
407.7 4
407.8 3
407.9 5
408.0 5
408.1 4
408.2 5
408.3 5
408.4 4
408.5 4
408.6 4
408.7 4
408.8 5
408.9 3
409.0 3
409.1 4
409.2 3
409.3 4
409.4 4
409.5 3
409.6 3
409.7 4
409.8 4
409.9 4
410.0 4
410.1 3
410.2 4
410.3 4
410.4 4
410.5 4
410.6 4
410.7 5
410.8 4
410.9 4
411.0 4
411.1 5
411.2 4
411.3 3
411.4 4
411.5 4
411.6 4
411.7 3
411.8 3
411.9 3
412.0 4
412.1 4
412.2 4
412.3 4
412.4 3
412.5 5
412.6 5
412.7 4
412.8 5
412.9 5
413.0 4
413.1 4
413.2 4
413.3 4
413.4 5
413.5 3
413.6 3
413.7 4
413.8 3
413.9 4
414.0 4
414.1 3
414.2 3
414.3 4
414.4 4
414.5 4
414.6 4
414.7 3
414.8 4
414.9 4
415.0 4
415.1 4
415.2 5
415.3 4
415.4 3
415.5 4
415.6 4
415.7 4
415.8 4
415.9 3
416.0 4
416.1 4
416.2 3
416.3 4
416.4 5
416.5 4
416.6 4
416.7 5
416.8 4
416.9 4
417.0 4
417.1 4
417.2 4
417.3 4
417.4 3
417.5 3
417.6 4
417.7 4
417.8 4
417.9 4
418.0 3
418.1 4
418.2 5
418.3 4
418.4 4
418.5 4
418.6 4
418.7 4
418.8 4
418.9 4
419.0 4
419.1 4
419.2 3
419.3 4
419.4 4
419.5 4
419.6 4
419.7 3
419.8 4
419.9 4
420.0 4
420.1 4
420.2 4
420.3 4
420.4 4
420.5 4
420.6 3
420.7 4
420.8 4
420.9 4
421.0 4
421.1 3
421.2 5
421.3 4
421.4 4
421.5 5
421.6 5
421.7 4
421.8 4
421.9 4
422.0 4
422.1 4
422.2 3
422.3 3
422.4 4
422.5 3
422.6 3
422.7 4
422.8 4
422.9 4
423.0 4
423.1 5
423.2 4
423.3 4
423.4 4
423.5 4
423.6 4
423.7 4
423.8 3
423.9 3
424.0 4
424.1 4
424.2 4
424.3 4
424.4 3
424.5 4
424.6 5
424.7 4
424.8 4
424.9 4
425.0 4
425.1 4
425.2 4
425.3 4
425.4 5
425.5 4
425.6 3
425.7 4
425.8 4
425.9 4
426.0 4
426.1 3
426.2 3
426.3 4
426.4 3
426.5 4
426.6 4
426.7 3
426.8 4
426.9 5
427.0 4
427.1 4
427.2 4
427.3 5
427.4 5
427.5 4
427.6 5
427.7 5
427.8 4
427.9 4
428.0 4
428.1 4
428.2 4
428.3 3
428.4 3
428.5 3
428.6 3
428.7 3
428.8 4
428.9 3
429.0 3
429.1 4
429.2 5
429.3 4
429.4 4
429.5 4
429.6 5
429.7 5
429.8 4
429.9 5
430.0 5
430.1 4
430.2 4
430.3 4
430.4 4
430.5 4
430.6 3
430.7 3
430.8 3
430.9 3
431.0 3
431.1 4
431.2 3
431.3 3
431.4 4
431.5 4
431.6 4
431.7 4
431.8 4
431.9 4
432.0 5
432.1 4
432.2 4
432.3 5
432.4 4
432.5 4
432.6 4
432.7 4
432.8 4
432.9 4
433.0 3
433.1 3
433.2 4
433.3 4
433.4 4
433.5 4
433.6 3
433.7 5
433.8 5
433.9 4
434.0 5
434.1 5
434.2 4
434.3 4
434.4 4
434.5 4
434.6 4
434.7 3
434.8 3
434.9 4
435.0 3
435.1 3
435.2 4
435.3 3
435.4 3
435.5 4
435.6 5
435.7 4
435.8 4
435.9 3
436.0 5
436.1 5
436.2 4
436.3 5
436.4 5
436.5 4
436.6 4
436.7 4
436.8 4
436.9 4
437.0 3
437.1 3
437.2 4
437.3 3
437.4 3
437.5 4
437.6 3
437.7 4
437.8 4
437.9 4
438.0 3
438.1 5
438.2 4
438.3 4
438.4 5
438.5 4
438.6 4
438.7 4
438.8 4
438.9 4
439.0 5
439.1 3
439.2 3
439.3 4
439.4 3
439.5 4
439.6 4
439.7 3
439.8 4
439.9 4
440.0 4
440.1 4
440.2 4
440.3 3
440.4 5
440.5 4
440.6 4
440.7 4
440.8 4
440.9 4
441.0 3
441.1 4
441.2 4
441.3 5
441.4 3
441.5 3
441.6 4
441.7 4
441.8 4
441.9 4
442.0 4
442.1 3
442.2 5
442.3 4
442.4 4
442.5 5
442.6 4
442.7 5
442.8 4
442.9 4
443.0 4
443.1 5
443.2 3
443.3 3
443.4 4
443.5 3
443.6 4
443.7 3
443.8 3
443.9 4
444.0 5
444.1 4
444.2 4
444.3 4
444.4 4
444.5 5
444.6 4
444.7 4
444.8 4
444.9 4
445.0 3
445.1 4
445.2 4
445.3 4
445.4 3
445.5 4
445.6 4
445.7 4
445.8 5
445.9 4
446.0 4
446.1 3
446.2 4
446.3 4
446.4 5
446.5 3
446.6 3
446.7 4
446.8 3
446.9 3
447.0 4
447.1 4
447.2 4
447.3 4
447.4 3
447.5 4
447.6 5
447.7 4
447.8 4
447.9 4
448.0 4
448.1 5
448.2 4
448.3 4
448.4 5
448.5 4
448.6 3
448.7 4
448.8 4
448.9 4
449.0 4
449.1 3
449.2 3
449.3 4
449.4 4
449.5 4
449.6 4
449.7 3
449.8 4
449.9 5
450.0 4
450.1 4
450.2 5
450.3 4
450.4 3
450.5 4
450.6 4
450.7 4
450.8 4
450.9 3
451.0 3
451.1 4
451.2 4
451.3 4
451.4 4
451.5 3
451.6 4
451.7 5
451.8 4
451.9 4
452.0 4
452.1 4
452.2 4
452.3 4
452.4 4
452.5 5
452.6 4
452.7 3
452.8 4
452.9 4
453.0 4
453.1 4
453.2 3
453.3 3
453.4 4
453.5 3
453.6 4
453.7 4
453.8 3
453.9 4
454.0 5
454.1 4
454.2 4
454.3 5
454.4 4
454.5 4
454.6 4
454.7 4
454.8 4
454.9 4
455.0 3
455.1 3
455.2 4
455.3 4
455.4 4
455.5 4
455.6 3
455.7 5
455.8 5
455.9 4
456.0 4
456.1 5
456.2 4
456.3 3
456.4 4
456.5 4
456.6 4
456.7 3
456.8 3
456.9 4
457.0 4
457.1 4
457.2 4
457.3 4
457.4 3
457.5 5
457.6 5
457.7 4
457.8 5
457.9 4
458.0 4
458.1 3
458.2 4
458.3 4
458.4 4
458.5 3
458.6 3
458.7 4
458.8 3
458.9 3
459.0 4
459.1 5
459.2 4
459.3 4
459.4 4
459.5 4
459.6 4
459.7 4
459.8 4
459.9 4
460.0 3
460.1 4
460.2 4
460.3 4
460.4 5
460.5 4
460.6 4
460.7 4
460.8 4
460.9 4
461.0 5
461.1 3
461.2 3
461.3 4
461.4 3
461.5 3
461.6 4
461.7 4
461.8 4
461.9 4
462.0 3
462.1 5
462.2 5
462.3 4
462.4 5
462.5 5
462.6 4
462.7 4
462.8 4
462.9 4
463.0 4
463.1 3
463.2 3
463.3 4
463.4 3
463.5 3
463.6 4
463.7 4
463.8 4
463.9 4
464.0 4
464.1 4
464.2 5
464.3 4
464.4 4
464.5 5
464.6 4
464.7 3
464.8 4
464.9 4
465.0 4
465.1 4
465.2 3
465.3 3
465.4 4
465.5 3
465.6 4
465.7 4
465.8 3
465.9 4
466.0 5
466.1 4
466.2 4
466.3 5
466.4 4
466.5 4
466.6 4
466.7 4
466.8 4
466.9 4
467.0 3
467.1 3
467.2 4
467.3 4
467.4 4
467.5 4
467.6 3
467.7 4
467.8 5
467.9 4
468.0 4
468.1 4
468.2 4
468.3 4
468.4 4
468.5 4
468.6 4
468.7 4
468.8 3
468.9 4
469.0 4
469.1 4
469.2 4
469.3 4
469.4 4
469.5 4
469.6 4
469.7 4
469.8 4
469.9 4
470.0 4
470.1 4
470.2 4
470.3 3
470.4 4
470.5 4
470.6 4
470.7 3
470.8 5
470.9 4
471.0 4
471.1 5
471.2 4
471.3 4
471.4 4
471.5 4
471.6 4
471.7 4
471.8 3
471.9 3
472.0 4
472.1 3
472.2 3
472.3 5
472.4 4
472.5 4
472.6 4
472.7 5
472.8 4
472.9 4
473.0 4
473.1 4
473.2 4
473.3 3
473.4 3
473.5 3
473.6 4
473.7 4
473.8 4
473.9 4
474.0 3
474.1 5
474.2 5
474.3 4
474.4 5
474.5 5
474.6 4
474.7 3
474.8 4
474.9 4
475.0 4
475.1 3
475.2 3
475.3 4
475.4 3
475.5 3
475.6 4
475.7 5
475.8 4
475.9 4
476.0 4
476.1 4
476.2 4
476.3 4
476.4 4
476.5 4
476.6 3
476.7 4
476.8 4
476.9 4
477.0 4
477.1 4
477.2 4
477.3 4
477.4 4
477.5 4
477.6 4
477.7 3
477.8 4
477.9 4
478.0 4
478.1 3
478.2 4
478.3 4
478.4 4
478.5 4
478.6 4
478.7 5
478.8 4
478.9 4
479.0 4
479.1 5
479.2 4
479.3 3
479.4 4
479.5 4
479.6 4
479.7 3
479.8 3
479.9 4
480.0 4
480.1 3
480.2 4
480.3 4
480.4 3
480.5 4
480.6 4
480.7 4
480.8 4
480.9 3
481.0 4
481.1 5
481.2 4
481.3 4
481.4 5
481.5 4
481.6 4
481.7 4
481.8 4
481.9 4
482.0 4
482.1 3
482.2 4
482.3 4
482.4 3
482.5 4
482.6 4
482.7 4
482.8 4
482.9 4
483.0 3
483.1 5
483.2 4
483.3 4
483.4 5
483.5 4
483.6 4
483.7 3
483.8 4
483.9 4
484.0 5
484.1 3
484.2 3
484.3 4
484.4 3
484.5 4
484.6 4
484.7 4
484.8 3
484.9 5
485.0 4
485.1 4
485.2 5
485.3 4
485.4 4
485.5 4
485.6 4
485.7 4
485.8 5
485.9 3
486.0 4
486.1 4
486.2 3
486.3 3
486.4 5
486.5 4
486.6 4
486.7 4
486.8 4
486.9 4
487.0 3
487.1 4
487.2 4
487.3 5
487.4 3
487.5 3
487.6 4
487.7 4
487.8 4
487.9 4
488.0 4
488.1 3
488.2 4
488.3 4
488.4 4
488.5 4
488.6 3
488.7 4
488.8 4
488.9 4
489.0 4
489.1 4
489.2 4
489.3 4
489.4 4
489.5 4
489.6 4
489.7 4
489.8 4
489.9 4
490.0 4
490.1 5
490.2 4
490.3 3
490.4 4
490.5 4
490.6 4
490.7 4
490.8 3
490.9 4
491.0 4
491.1 3
491.2 4
491.3 5
491.4 4
491.5 4
491.6 5
491.7 4
491.8 4
491.9 3
492.0 4
492.1 4
492.2 4
492.3 3
492.4 3
492.5 4
492.6 4
492.7 4
492.8 4
492.9 4
493.0 4
493.1 5
493.2 4
493.3 4
493.4 4
493.5 4
493.6 4
493.7 4
493.8 4
493.9 4
494.0 4
494.1 3
494.2 4
494.3 4
494.4 4
494.5 4
494.6 3
494.7 4
494.8 4
494.9 4
495.0 3
495.1 5
495.2 4
495.3 4
495.4 5
495.5 4
495.6 4
495.7 3
495.8 4
495.9 4
496.0 5
496.1 3
496.2 3
496.3 4
496.4 3
496.5 3
496.6 4
496.7 5
496.8 4
496.9 4
497.0 3
497.1 5
497.2 5
497.3 4
497.4 4
497.5 5
497.6 4
497.7 3
497.8 4
497.9 4
498.0 4
498.1 3
498.2 3
498.3 3
498.4 4
498.5 4
498.6 4
498.7 4
498.8 3
498.9 5
499.0 5
499.1 4
499.2 5
499.3 5
499.4 4
499.5 3
499.6 4
499.7 4
499.8 4
499.9 3
500.0 3
500.1 4
500.2 3
500.3 3
500.4 4
500.5 5
500.6 4
500.7 4
500.8 5
500.9 4
501.0 4
501.1 3
501.2 4
501.3 4
501.4 4
501.5 3
501.6 3
501.7 4
501.8 4
501.9 4
502.0 4
502.1 4
502.2 4
502.3 5
502.4 4
502.5 4
502.6 4
502.7 4
502.8 4
502.9 4
503.0 4
503.1 4
503.2 4
503.3 3
503.4 3
503.5 4
503.6 4
503.7 4
503.8 3
503.9 3
504.0 4
504.1 4
504.2 4
504.3 4
504.4 4
504.5 4
504.6 5
504.7 4
504.8 4
504.9 4
505.0 4
505.1 5
505.2 4
505.3 4
505.4 4
505.5 4
505.6 3
505.7 4
505.8 4
505.9 4
506.0 3
506.1 4
506.2 4
506.3 4
506.4 4
506.5 4
506.6 4
506.7 3
506.8 4
506.9 4
507.0 5
507.1 3
507.2 3
507.3 4
507.4 5
507.5 4
507.6 4
507.7 4
507.8 4
507.9 5
508.0 4
508.1 4
508.2 4
508.3 4
508.4 3
508.5 4
508.6 4
508.7 4
508.8 3
508.9 4
509.0 4
509.1 4
509.2 4
509.3 4
509.4 4
509.5 4
509.6 4
509.7 4
509.8 4
509.9 4
510.0 4
510.1 4
510.2 4
